mooringFull	date	depth	temp	sal	sig	O2_conc	O2_sat	chl_sens	CO2	pH	AW_frac	PW_frac
EGC-3	2016-07-10	80.155882	3.44485	35.012097	27.852759	296.240888	90.325872	NA	NA	NA	0.910024	0.089976
EGC-3	2016-07-26	83.14775	3.5155	35.00997	27.843617	295.498065	90.254478	NA	NA	NA	0.903816	0.096184
EGC-3	2016-08-11	79.792898	3.248275	34.954	27.825113	290.62303	88.149867	NA	NA	NA	0.841645	0.158355
EGC-3	2016-08-27	81.126142	4.35835	35.094596	27.823683	291.117721	90.795747	NA	NA	NA	0.988825	0.011175
EGC-3	2016-09-12	81.142956	0.082975	34.469114	27.672793	306.135948	85.427846	NA	NA	NA	0.322309	0.677691
EGC-3	2016-09-28	87.051455	-0.44305	34.379271	27.626296	314.274966	86.426176	NA	NA	NA	0.224485	0.775515
EGC-3	2016-10-14	79.875979	-1.834075	34.211242	27.540645	348.498177	92.241295	NA	NA	NA	0.058131	0.941869
EGC-3	2016-10-30	87.559811	3.898825	34.926286	27.73849	294.59649	90.756032	NA	NA	NA	0.796696	0.203304
EGC-3	2016-11-15	80.022359	1.49835	34.614178	27.697997	306.33562	88.726582	NA	NA	NA	0.468804	0.531196
EGC-3	2016-12-01	89.73663	-0.470325	34.409383	27.652048	312.828703	85.995028	NA	NA	NA	0.266211	0.733789
EGC-3	2016-12-17	83.605676	3.374825	34.828308	27.71299	302.809919	92.041853	NA	NA	NA	0.689554	0.310446
EGC-3	2017-01-02	150.135348	3.57155	35.022625	27.849141	295.355218	90.329464	NA	NA	NA	0.918553	0.081447
EGC-3	2017-01-18	86.182103	3.140025	34.946822	27.829654	304.443796	92.089133	NA	NA	NA	0.835076	0.164924
EGC-3	2017-02-03	108.644606	-0.723975	34.230212	27.517498	320.433438	87.350247	NA	NA	NA	0.052021	0.947979
EGC-3	2017-02-19	81.826388	-1.71805	33.747368	27.160395	347.376143	91.892719	NA	NA	NA	0	1
EGC-3	2017-03-07	80.02137	-1.388075	34.115505	27.449994	328.979721	88.058114	NA	NA	NA	0	1
EGC-3	2017-03-23	86.054519	1.8345	34.783132	27.811002	312.506961	91.407843	NA	NA	NA	0.671181	0.328819
EGC-3	2017-04-08	79.832461	-0.304675	34.347027	27.593759	318.284732	87.833251	NA	NA	NA	0.183527	0.816473
EGC-3	2017-04-24	221.705889	2.644625	35.033657	27.945376	309.721548	92.598929	NA	NA	NA	0.976885	0.023115
EGC-3	2017-05-10	80.99262	3.16245	35.020017	27.886382	307.138948	93.011586	NA	NA	NA	0.934047	0.065953
EGC-3	2017-05-26	90.928382	3.436125	35.040021	27.876015	307.213842	93.669999	NA	NA	NA	0.948715	0.051285
EGC-3	2017-06-11	85.888363	0.8623	34.571796	27.708653	306.957292	87.465026	NA	NA	NA	0.429962	0.570038
EGC-3	2017-06-27	128.889699	3.6118	35.024951	27.846491	303.258183	92.841595	NA	NA	NA	0.919865	0.080135
EGC-3	2017-07-13	78.652513	3.660825	35.040392	27.853878	303.067107	92.912869	NA	NA	NA	0.93875	0.06125
EGC-4	2017-08-05	95.702242	3.2672	34.955899	27.825325	NA	NA	NA	NA	NA	0.843561	0.156439
EGC-4	2017-08-21	89.658499	-1.34175	34.06487	27.407298	319.19724	85.508981	NA	NA	NA	0	1
EGC-4	2017-09-06	92.718469	-1.3662	34.126478	27.458191	322.501624	86.379377	NA	NA	NA	0	1
EGC-4	2017-09-22	76.916702	0.616	34.510846	27.676656	294.264831	83.275352	NA	NA	NA	0.361852	0.638148
EGC-4	2017-10-08	78.1382	3.79685	34.88056	27.712532	287.555434	88.340184	NA	NA	NA	0.74408	0.25592
EGC-4	2017-10-24	76.389527	2.17395	34.56022	27.605747	301.577844	88.813714	NA	NA	NA	0.392124	0.607876
EGC-4	2017-11-09	76.14028	1.58945	34.48309	27.588813	302.952928	87.863533	NA	NA	NA	0.310933	0.689067
EGC-4	2017-11-25	75.914771	3.79935	34.937677	27.757974	302.651918	93.024767	NA	NA	NA	0.812092	0.187908
EGC-4	2017-12-11	131.766153	3.9783	35.048443	27.827961	298.8339	92.317096	NA	NA	NA	0.940797	0.059203
EGC-4	2017-12-27	77.443876	2.27405	34.829992	27.813512	315.147327	93.233547	NA	NA	NA	0.714936	0.285064
EGC-4	2018-01-12	86.137597	3.2228	34.938156	27.815372	301.314161	91.324803	NA	NA	NA	0.823232	0.176768
EGC-4	2018-01-28	76.085881	2.4539	34.83383	27.801268	309.421449	91.95129	NA	NA	NA	0.713017	0.286983
EGC-4	2018-02-13	79.411122	-0.60105	34.382407	27.63659	299.091895	81.920475	NA	NA	NA	0.23532	0.76468
EGC-4	2018-03-01	85.695502	2.30325	34.920564	27.883371	312.807317	92.67352	NA	NA	NA	0.837748	0.162252
EGC-4	2018-03-17	76.305455	2.81065	34.980346	27.887242	307.88692	92.409697	NA	NA	NA	0.896058	0.103942
EGC-4	2018-04-02	117.859126	1.01365	34.719293	27.814551	298.014325	85.381336	NA	NA	NA	0.621921	0.378079
EGC-4	2018-04-18	86.58068	0.52035	34.582707	27.740252	307.171591	86.763766	NA	NA	NA	0.457658	0.542342
EGC-4	2018-05-04	76.33216	0.7813	34.704939	27.822682	293.770986	83.614859	NA	NA	NA	0.613072	0.386928
EGC-4	2018-05-20	75.558704	-0.10005	34.518214	27.722628	304.170294	84.502724	NA	NA	NA	0.398157	0.601843
EGC-4	2018-06-05	76.767352	3.35975	34.992676	27.84554	340.792598	103.679517	NA	NA	NA	0.887365	0.112635
EGC-4	2018-06-21	89.148169	2.7957	34.954366	27.867724	313.370778	93.998139	NA	NA	NA	0.861136	0.138864
EGC-4	2018-07-07	75.736737	-0.02755	34.51429	27.715715	310.989888	86.557436	NA	NA	NA	0.389398	0.610602
EGC-4	2018-07-23	77.419149	-0.41415	34.239647	27.512723	308.23943	84.747186	NA	NA	NA	0.057583	0.942417
EGC-5	2018-08-01	72.381409	-1.6254	33.83573	27.229785	335.30213	88.983584	0.125925	NA	8.0811	0	1
EGC-5	2018-08-09	72.089624	-1.60935	33.920522	27.29813	339.243446	90.123062	0.228125	NA	8.1208	0	1
EGC-5	2018-08-17	72.170484	-1.4346	33.860143	27.24409	318.364521	84.939476	0.104025	NA	8.0552	0	1
EGC-5	2018-08-25	72.245161	-1.677125	33.718875	27.136217	344.49109	91.21134	0.220825	NA	8.0985	0	1
EGC-5	2018-09-02	73.201125	-1.774375	33.584	27.029046	352.451878	92.975321	0.166075	NA	8.1054	0	1
EGC-5	2018-09-10	72.337394	-1.647075	33.67077	27.096308	343.575544	91.007485	0.169725	NA	8.0936	0	1
EGC-5	2018-09-18	71.756297	-1.093575	33.770082	27.159575	317.527131	85.426427	0.292	NA	8.0645	0	1
EGC-5	2018-09-26	72.139821	-1.616875	33.64085	27.071205	339.623063	90.012878	0.344925	NA	0	0	1
EGC-5	2018-10-04	72.114105	-1.305925	33.42999	26.891029	309.599839	82.605706	0.2044	NA	8.0132	0	1
EGC-5	2018-10-12	72.383882	-1.5847	33.592344	27.030924	337.144388	89.399216	0.18615	NA	8.0826	0	1
EGC-5	2018-10-20	71.740224	-1.311525	33.750943	27.151651	314.322719	84.065603	0.104025	NA	8.0452	0	1
EGC-5	2018-10-28	71.95931	-1.32785	33.693406	27.105393	338.361395	90.414168	0.133225	NA	8.1015	0	1
EGC-5	2018-11-05	71.822566	-1.558825	33.433532	26.901208	331.37198	87.819302	0.107675	NA	8.0568	0	1
EGC-5	2018-11-13	78.338431	-1.047975	34.179991	27.49064	305.379394	82.528108	0.074825	NA	8.0561	0.018054	0.981946
EGC-5	2018-11-21	71.925186	-1.215625	33.85014	27.229022	300.265732	80.575383	0.0803	NA	8.0212	0	1
EGC-5	2018-11-29	71.77781	-1.771225	33.648685	27.08156	332.979769	87.89124	0.0803	NA	8.1259	0	1
EGC-5	2018-12-07	71.938539	-1.15645	34.145172	27.466273	330.355947	88.997413	0.063875	NA	8.117	0	1
EGC-5	2018-12-15	72.119792	-1.436225	33.982849	27.343746	317.728105	84.847236	0.0657	NA	8.0718	0	1
EGC-5	2018-12-23	73.078477	-1.56625	33.838756	27.230602	327.709794	87.110079	0.063875	NA	8.1357	0	1
EGC-5	2018-12-31	71.894029	-1.685	33.722202	27.139128	333.772498	88.357048	0.0584	NA	8.1384	0	1
EGC-5	2019-01-08	75.079892	-1.801775	33.432322	26.906372	345.931401	91.078033	0.060225	NA	8.1431	0	1
EGC-5	2019-01-16	71.488991	-1.767325	33.589383	27.033242	326.738422	86.212152	0.0584	NA	8.1231	0	1
EGC-5	2019-01-24	72.858155	-1.805675	33.784597	27.192928	326.235988	86.123835	0.052925	NA	8.151	0	1
EGC-5	2019-02-01	71.647248	-1.57455	33.678942	27.100684	323.947122	85.976664	0.05475	NA	8.1117	0	1
EGC-5	2019-02-09	72.553265	-1.8103	33.501015	26.962432	339.154124	89.321904	0.0657	NA	8.1048	0	1
EGC-5	2019-02-17	71.666041	-1.788775	33.630741	27.067401	335.190478	88.420257	0.06205	NA	8.1133	0	1
EGC-5	2019-02-25	71.93211	-1.62515	33.511064	26.965897	338.149256	89.508583	0.0657	NA	8.0745	0	1
EGC-5	2019-03-05	71.991456	-1.68535	32.971484	26.528984	352.86499	92.855822	0.078475	NA	8.0751	0	1
EGC-5	2019-03-13	71.79413	-1.81265	33.404464	26.883975	354.23831	93.217318	0.073	NA	8.0961	0	1
EGC-5	2019-03-21	72.134876	-1.465975	33.491115	26.945275	338.551204	89.983472	0.0657	NA	8.0814	0	1
EGC-5	2019-03-29	71.517675	-1.711775	33.745294	27.158595	340.471618	90.081914	0.0657	NA	8.1023	0	1
EGC-5	2019-04-06	72.07825	-1.8227	33.675639	27.104734	346.177035	91.267179	0.0657	NA	8.1101	0	1
EGC-5	2019-04-14	72.449905	-1.746775	33.835235	27.232616	331.751597	87.754409	0.0584	NA	8.1032	0	1
EGC-5	2019-04-22	74.972337	-1.788025	33.865802	27.258524	332.019561	87.748759	0.056575	NA	8.1126	0	1
EGC-5	2019-04-30	77.060295	-1.56105	33.99878	27.360399	321.390291	85.549454	0.056575	NA	8.1183	0	1
EGC-5	2019-05-08	73.616298	-1.70065	33.949536	27.324323	327.441829	86.800611	0.049275	NA	8.1195	0	1
EGC-5	2019-05-16	73.579701	-0.875075	34.026192	27.35911	307.221652	83.306245	0.049275	NA	8.0726	0	1
EGC-5	2019-05-24	72.040169	-1.403325	33.766858	27.167304	318.989773	85.114663	0.071175	NA	8.0527	0	1
EGC-5	2019-06-01	71.78053	-1.49695	34.015223	27.371838	326.503952	87.07117	0.0803	NA	8.1171	0	1
EGC-5	2019-06-09	72.092344	-1.5745	34.165232	27.496073	321.356795	85.623259	0.19345	NA	NA	0.00024	0.99976
EGC-5	2019-06-17	71.995165	-1.2031	34.235959	27.541562	316.767898	85.291658	0.520125	NA	NA	0.067653	0.932347
EGC-5	2019-06-25	71.372276	-1.1592	34.176985	27.492018	314.501362	84.740063	0.1314	NA	NA	0.00143	0.99857
EGC-5	2019-07-03	71.957332	-1.320475	34.142115	27.46931	315.952838	84.741726	0.136875	NA	NA	0	1
EGC-5	2019-07-11	71.275097	-1.155175	34.107881	27.435973	312.647939	84.203501	0.063875	NA	NA	0	1
EGC-5	2019-07-19	71.833199	-1.37555	34.11192	27.446383	317.515966	85.007156	0.1022	NA	NA	0	1
EGC-5	2019-07-27	71.877215	-1.367225	34.056967	27.401695	318.889286	85.363872	0.12045	NA	NA	0	1
EGC-5	2019-08-04	71.998874	0.128575	34.43269	27.641506	293.399134	81.940866	0.060225	NA	NA	0.277658	0.722342
EGC-5	2019-08-12	71.799323	0.767575	34.599506	27.738658	294.392836	83.694683	0.071175	NA	NA	0.469164	0.530836
EGC-6	2019-09-11	66.545619	-1.573	32.602197	26.226298	341.833772	89.963403	0.018	NA	8.0584	0	1
EGC-6	2019-09-19	66.294627	-1.4579	33.924516	27.297079	329.741861	87.965446	0.1116	NA	8.1228	0	1
EGC-6	2019-09-27	66.241461	-1.5957	33.376342	26.85573	330.612746	87.491838	0.0774	NA	8.036	0	1
EGC-6	2019-10-05	66.002339	-1.669675	33.589359	27.03075	336.93225	89.136446	0.0342	NA	8.0566	0	1
EGC-6	2019-10-13	66.281521	-1.67715	33.786406	27.191102	336.240007	89.074635	0.0522	NA	8.0758	0	1
EGC-6	2019-10-21	66.197692	-1.189175	33.346942	26.819957	321.200482	85.911782	-0.0072	NA	8.0469	0	1
EGC-6	2019-10-29	66.368565	-1.295675	33.067519	26.596611	325.521415	86.629807	0.0036	NA	8.0444	0	1
EGC-6	2019-11-06	65.898233	-1.239075	32.96206	26.509361	326.291814	86.893803	0.0162	NA	8.0409	0	1
EGC-6	2019-11-14	66.358426	-1.5309	32.882627	26.453012	333.739002	88.128237	0.0216	NA	8.0302	0	1
EGC-6	2019-11-22	65.793632	-1.102575	33.376624	26.841223	317.136349	85.042136	-0.0126	NA	8.0386	0	1
EGC-6	2019-11-30	66.381423	-1.5772	33.56199	27.006045	330.780224	87.707723	-0.027	NA	8.0547	0	1
EGC-6	2019-12-08	65.698428	-1.550725	33.561775	27.005078	331.584119	87.981485	-0.0252	NA	8.0574	0	1
EGC-6	2019-12-16	66.135872	-1.599225	33.396293	26.87202	331.93024	87.844793	-0.027	NA	8.0273	0	1
EGC-6	2019-12-24	66.153429	-1.61435	33.549764	26.997124	331.528293	87.81048	-0.027	NA	8.0478	0	1
EGC-6	2020-01-01	66.059956	-1.453725	33.434657	26.899194	326.224822	86.700804	-0.027	NA	8.043	0	1
EGC-6	2020-01-09	66.194972	-1.6598	32.799705	26.38882	340.225984	89.47061	-0.0414	NA	8.0392	0	1
EGC-6	2020-01-17	65.745412	-1.797325	32.972172	26.532129	349.001831	91.563415	-0.0558	NA	8.0541	0	1
EGC-6	2020-01-25	66.23157	-1.67775	32.827201	26.411555	337.401188	88.701579	-0.0468	NA	8.0369	0	1
EGC-6	2020-02-02	66.922477	-1.573675	33.020312	26.565453	332.242865	87.707087	-0.0594	NA	8.0527	0	1
EGC-6	2020-02-10	66.395766	-1.720375	33.460035	26.926931	332.566656	87.771711	-0.0648	NA	8.0568	0	1
EGC-6	2020-02-18	66.330978	-1.780625	33.203608	26.719916	341.923094	89.911523	-0.0684	NA	8.0653	0	1
EGC-6	2020-02-26	66.387111	-1.727775	32.657656	26.274935	347.416373	91.091638	-0.0666	NA	8.0513	0	1
EGC-6	2020-03-05	66.023358	-1.6953	33.556454	27.004655	327.698629	86.610855	-0.09	NA	8.0707	0	1
EGC-6	2020-03-13	66.263222	-1.824725	33.418992	26.896066	342.593006	90.13406	-0.0882	NA	8.0721	0	1
EGC-6	2020-03-21	66.45363	-1.8163	33.33622	26.828563	348.242597	91.581178	-0.0828	NA	8.0798	0	1
EGC-6	2020-03-29	66.20066	-1.829125	33.588412	27.033948	343.128936	90.385649	-0.0864	NA	8.0776	0	1
EGC-6	2020-04-06	65.937056	-1.724075	33.055014	26.59781	342.459024	90.084098	-0.0792	NA	8.0599	0	1
EGC-6	2020-04-14	65.73008	-1.706575	33.610858	27.049158	335.637086	88.71998	-0.0846	NA	8.065	0	1
EGC-6	2020-04-22	66.35076	-1.701975	33.628093	27.063071	335.413782	88.685066	-0.0828	NA	8.072	0	1
EGC-6	2020-04-30	65.753077	-1.712225	33.765113	27.174684	333.649681	88.288507	-0.0918	NA	8.0905	0	1
EGC-6	2020-05-08	66.422225	-1.8067	33.755621	27.169387	338.528873	89.346308	-0.0756	NA	8.0771	0	1
EGC-6	2020-05-16	65.693977	-1.738125	33.539153	26.991669	337.501675	89.086149	-0.0864	NA	8.0699	0	1
EGC-6	2020-05-24	66.313173	-1.73525	33.36208	26.847669	338.618195	89.263474	-0.0594	NA	8.069	0	1
EGC-6	2020-06-01	65.654659	-1.617	33.670193	27.095024	330.422938	87.594571	-0.0684	NA	8.0711	0	1
EGC-6	2020-06-09	66.067127	-1.607	33.35419	26.838021	334.956009	88.598614	-0.0828	NA	8.0616	0	1
EGC-6	2020-06-17	65.903178	-1.6764	33.219378	26.730248	338.227413	89.201595	-0.063	NA	8.0639	0	1
EGC-6	2020-06-25	66.166287	-1.704425	33.245446	26.752118	336.641954	88.734638	-0.0774	NA	8.0589	0	1
EGC-6	2020-07-03	66.067127	-1.657675	33.6186	27.054195	331.383145	87.716601	0.1422	NA	8.0823	0	1
EGC-6	2020-07-11	67.464269	-1.635175	33.364527	26.847152	343.262918	90.733498	0.1962	NA	8.158	0	1
EGC-6	2020-07-19	68.514716	-1.6707	32.646201	26.264352	345.529454	90.728596	-0.0684	NA	8.0533	0	1
EGC-6	2020-07-27	66.618814	-1.7234	32.413027	26.076033	356.560672	93.319477	-0.0108	NA	8.0749	0	1
EGC-6	2020-08-04	67.062685	-1.7334	32.556309	26.192692	357.00728	93.51716	-0.0288	NA	8.0756	0	1
EGC-6	2020-08-12	65.982062	-1.6797	32.402439	26.066489	354.573266	92.901305	-0.0666	NA	8.2697	0	1
EGC-6	2020-08-20	70.706838	-1.7029	32.486428	26.135243	354.707248	92.93976	-0.0864	NA	NA	0	1
EGC-6	2020-08-28	66.079986	-1.689625	32.357424	26.03013	356.560672	93.36373	-0.072	NA	7.1533	0	1
EGC-6	2020-09-05	66.180383	-1.69755	32.454129	26.10888	354.528605	92.882834	-0.0846	NA	NA	0	1
EGC-6	2020-09-13	65.732058	-1.561	32.88752	26.457758	342.838641	90.461495	-0.09	NA	NA	0	1
EGC-6	2020-09-21	67.234052	-1.689975	32.398852	26.063799	356.225716	93.30569	-0.0864	NA	NA	0	1
HG-IV-S-1	2016-08-01	32.959259	5.609775	35.115922	27.694	301.693646	96.94248	1.6717	359.65	8.1123	0.988175	0.011825
HG-IV-S-1	2016-08-15	46.302253	4.997875	35.096927	27.752878	293.268355	92.873932	0.071175	390.225	8.0831	0.979198	0.020802
HG-IV-S-1	2016-09-01	27.227281	6.44085	35.046951	27.532509	296.445172	97.055701	NA	327.35	8.1555	0.89325	0.10675
HG-IV-S-1	2016-09-15	28.721133	6.358525	35.006051	27.511141	295.234433	96.447701	NA	330.575	8.15425	0.845524	0.154476
HG-IV-S-1	2016-10-01	30.059654	6.266	35.105679	27.602065	293.502872	95.747591	NA	363.725	8.10475	0.966254	0.033746
HG-IV-S-1	2016-11-01	33.976238	5.264875	34.972676	27.622482	303.213303	96.53969	NA	361.9	8.10245	0.827845	0.172155
HG-IV-S-1	2016-12-01	29.184126	2.005525	34.496222	27.567295	326.20051	95.617424	NA	348.45	8.11775	0.317313	0.682687
HG-IV-S-1	2017-01-01	74.599809	3.6355	35.01129	27.832166	308.093122	94.369273	NA	375.95	8.0896	0.9194	0.0806
HG-IV-S-1	2017-02-01	52.006987	2.75755	35.003935	27.910562	310.826505	93.189268	NA	369.3	8.0939	0.932157	0.067843
HG-IV-S-1	2017-02-14	42.640139	4.3722	35.085683	27.814805	305.846504	95.420778	NA	375.775	8.0854	0.977716	0.022284
HG-IV-S-1	2017-03-01	50.439116	3.336925	34.943306	27.807932	308.732991	93.839451	NA	366.266667	7.4958	0.82722	0.17278
HG-IV-S-1	2017-03-08	33.8229	-0.2696	34.393097	27.628046	333.121728	92.037525	NA	346.766667	8.6283	0.231738	0.768262
HG-IV-S-1	2017-03-15	28.172069	3.850875	35.085386	27.869954	308.624449	95.092445	NA	372.95	8.1275	0.989753	0.010247
HG-IV-S-1	2017-03-22	72.068738	2.63045	35.047908	27.956819	315.438103	94.30499	NA	370.475	8.1966	1	0
HG-IV-S-1	2017-04-01	48.112512	2.5569	35.004713	27.929081	312.453551	93.215985	NA	370.1	8.03395	0.939749	0.060251
HG-IV-S-1	2017-04-15	26.814739	2.331725	35.037895	27.974829	320.003116	94.963244	NA	368.2	8.0139	0.99503	0.00497
HG-IV-S-1	2017-05-01	31.138973	3.54705	35.035032	27.860314	316.021708	96.627622	NA	361.3	8.09205	0.92992	0.07008
HG-IV-S-1	2017-05-15	29.842009	3.193	34.953484	27.829838	317.950141	96.318843	NA	356.425	7.91275	0.842946	0.157054
HG-IV-S-1	2017-06-01	27.107575	3.451775	34.985094	27.830143	320.983036	97.874859	NA	363.666667	7.5603	0.874722	0.125278
HG-IV-S-1	2017-06-15	27.303458	4.710225	35.085507	27.776699	315.492767	99.226692	NA	379.075	7.96855	0.968432	0.031568
HG-IV-S-1	2017-07-01	44.784788	4.24375	35.075001	27.820138	317.049382	98.610425	NA	371.175	7.893	0.965812	0.034188
HG-IV-S-1	2017-07-08	33.104683	3.536475	34.79253	27.668222	339.340529	103.539085	NA	305.625	7.91125	0.649302	0.350698
HG-IV-S-1	2017-07-15	44.462301	4.4842	35.064373	27.78533	309.064664	96.668729	NA	381.775	NA	NA	NA
HG-IV-S-1	2017-07-22	39.202519	4.387625	34.898576	27.663151	317.618956	98.978445	NA	344.775	NA	NA	NA
HG-IV-S-2	2017-08-15	30.012168	6.255	35.087578	27.589178	288.914889	94.214576	2.107875	495.4	8.0896	0.939369	0.060631
HG-IV-S-2	2017-08-30	29.266238	6.81	35.083191	27.511121	297.925496	98.39432	1.793975	412.825	8.1442	0.926808	0.073192
HG-IV-S-2	2017-09-14	29.472012	6.02975	34.850989	27.431498	300.752635	97.394943	0.959037	423.35	8.09	0.664789	0.335211
HG-IV-S-2	2017-09-29	30.434597	6.534	35.057805	27.528654	296.978697	97.445583	0.778363	474.3	8.1197	0.902059	0.097941
HG-IV-S-2	2017-10-29	31.014322	5.129275	34.962448	27.630641	301.154122	95.573792	0.089425	482.775	8.1103	0.814099	0.185901
HG-IV-S-2	2017-11-28	30.117033	0.27625	34.318334	27.541148	342.747529	96.010056	0.01825	474.4	8.1374	0.134587	0.865413
HG-IV-S-2	2017-12-28	31.873025	4.07945	35.029677	27.801725	307.868414	95.342352	-0.002737	504.875	8.0907	0.912539	0.087461
HG-IV-S-2	2018-01-27	31.860164	2.355975	34.869921	27.836862	316.211928	93.770913	-0.00365	498.275	8.1016	0.754484	0.245516
HG-IV-S-2	2018-02-11	30.309946	3.50485	35.053584	27.879658	311.550254	95.16982	-0.009125	502.8	8.0942	0.95501	0.04499
HG-IV-S-2	2018-02-26	106.776	3.65785	35.06253	27.871962	314.310166	96.365134	-0.009125	504.8	8.0886	0.959018	0.040982
HG-IV-S-2	2018-03-07	29.233591	3.339175	35.037977	27.883439	317.229402	96.503393	-0.012775	505.15	8.1135	0.938274	0.061726
HG-IV-S-2	2018-03-16	34.735012	1.3104	34.675383	27.761644	329.430135	95.013076	0.001825	488.3	8.1153	0.553035	0.446965
HG-IV-S-2	2018-03-25	32.26775	2.791975	34.976396	27.885489	320.35013	96.109313	-0.009125	499.625	8.1006	0.881815	0.118185
HG-IV-S-2	2018-04-03	29.350328	2.995575	35.040005	27.917696	318.561395	96.099472	-0.005475	506.8	8.0958	0.959699	0.040301
HG-IV-S-2	2018-04-12	33.682423	2.406075	34.979213	27.921614	321.813904	95.633851	0.0657	497.375	8.1034	0.904323	0.095677
HG-IV-S-2	2018-04-21	53.081244	2.737875	35.010323	27.917619	321.639467	96.389575	0.213525	499.1	8.1018	0.932991	0.067009
HG-IV-S-2	2018-04-30	113.837786	2.880875	35.022533	27.914553	321.125314	96.57442	0.14965	494.15	8.0998	0.94973	0.05027
HG-IV-S-2	2018-05-12	30.604755	1.783275	34.73679	27.777854	385.253225	112.511204	14.7825	353.1	8.2377	0.605707	0.394293
HG-IV-S-2	2018-05-24	28.943726	3.138975	34.942217	27.826127	350.704266	106.087712	7.4825	424.825	8.1816	0.830323	0.169677
HG-IV-S-2	2018-06-05	33.657691	3.646675	34.935505	27.771439	376.496344	115.301909	12.2786	367.266667	7.2652	0.807659	0.192341
HG-IV-S-2	2018-06-17	29.818266	3.144475	34.939228	27.823307	351.505288	106.343821	2.283075	355.8	NA	0.821262	0.178738
HG-IV-S-2	2018-06-29	29.371103	4.204175	34.971327	27.741969	349.998987	108.667246	3.65365	432.475	NA	0.839344	0.160656
HG-IV-S-2	2018-07-08	41.982297	4.4878	35.038164	27.764289	323.662453	101.224324	1.297575	501.35	8.1119	0.913486	0.086514
HG-IV-S-3	2018-08-01	29.884429	6.1924	35.006628	27.533437	335.179313	109.07939	6.77075	NA	NA	0.850383	0.149617
HG-IV-S-3	2018-08-09	29.355149	4.646725	34.708311	27.483244	338.685186	106.060775	4.38	NA	NA	0.523253	0.476747
HG-IV-S-3	2018-08-17	31.481905	4.5869	34.758679	27.530758	330.456433	103.37548	1.5257	NA	NA	0.584368	0.415632
HG-IV-S-3	2018-08-25	29.397442	4.936375	34.799304	27.522284	319.592693	100.835428	1.195375	NA	NA	0.626368	0.373632
HG-IV-S-3	2018-09-02	29.743205	5.212925	34.762278	27.462076	318.174713	101.023972	2.852475	NA	NA	0.577179	0.422821
HG-IV-S-3	2018-09-10	31.317178	5.630675	34.856662	27.486217	306.049306	98.198856	0.578525	NA	NA	0.681986	0.318014
HG-IV-S-3	2018-09-18	29.773874	4.771925	34.799057	27.542404	312.97173	98.369251	1.72645	NA	NA	0.629088	0.370912
HG-IV-S-3	2018-09-26	29.286145	5.60915	35.003703	27.605259	299.249699	96.074288	0.50735	NA	NA	0.857591	0.142409
HG-IV-S-3	2018-10-04	29.316319	3.71285	34.887371	27.72636	313.139208	96.018524	0.454425	NA	NA	0.753736	0.246264
HG-IV-S-3	2018-10-12	30.606369	3.708525	34.854415	27.700575	310.45956	95.163135	0.319375	NA	NA	0.714545	0.285455
HG-IV-S-3	2018-10-20	28.89883	3.88	34.848051	27.677723	309.465857	95.245905	0.1679	NA	NA	0.703819	0.296181
HG-IV-S-3	2018-10-28	29.058851	4.520875	34.997428	27.728137	306.172123	95.801532	0.07665	NA	NA	0.870063	0.129937
HG-IV-S-3	2018-11-05	30.3912	4.142575	35.000497	27.771775	309.186727	95.875453	0.034675	NA	NA	0.880655	0.119345
HG-IV-S-3	2018-11-13	29.579475	3.803075	34.980925	27.79169	312.513957	96.104027	0.01095	NA	NA	0.863557	0.136443
HG-IV-S-3	2018-11-21	29.433057	3.462125	34.94317	27.795749	314.479032	95.884321	-0.005475	NA	NA	0.82482	0.17518
HG-IV-S-3	2018-11-29	29.763486	3.125125	34.893559	27.786189	318.29753	96.198888	-0.005475	NA	NA	0.771882	0.228118
HG-IV-S-3	2018-12-07	31.080742	3.551175	34.987184	27.822097	314.445536	96.113988	-0.0146	NA	NA	0.875634	0.124366
HG-IV-S-3	2018-12-15	28.946811	2.94195	34.952174	27.852479	317.448975	95.574289	-0.01825	NA	NA	0.851313	0.148687
HG-IV-S-3	2018-12-23	70.66829	4.143025	34.974076	27.751021	310.604707	96.290375	-0.0219	NA	NA	0.849164	0.150836
HG-IV-S-3	2018-12-31	70.559892	3.546625	35.005216	27.837217	313.686303	95.878606	-0.02555	NA	NA	0.897202	0.102798
HG-IV-S-3	2019-01-08	44.286086	4.175125	34.980089	27.752171	309.10857	95.909084	-0.0219	NA	NA	0.855741	0.144259
HG-IV-S-3	2019-01-16	32.665594	3.7616	35.011182	27.820055	311.375106	95.679339	-0.0219	NA	NA	0.900371	0.099629
HG-IV-S-3	2019-01-24	35.762961	3.395825	35.014142	27.858951	314.099415	95.665377	-0.0292	NA	NA	0.915114	0.084886
HG-IV-S-3	2019-02-01	33.734993	3.157975	35.01943	27.886044	317.984905	96.292377	-0.0292	NA	NA	0.933451	0.066549
HG-IV-S-3	2019-02-09	32.11109	3.3699	35.00413	27.85348	316.131481	96.216815	-0.02555	NA	NA	0.902596	0.097404
HG-IV-S-3	2019-02-17	41.672385	3.243875	35.016136	27.875288	316.153812	95.9356	-0.027375	NA	NA	0.92493	0.07507
HG-IV-S-3	2019-02-25	37.170781	3.38505	35.008888	27.855835	314.981466	95.904872	-0.031025	NA	NA	0.908413	0.091587
HG-IV-S-3	2019-03-05	34.745321	2.102875	34.901253	27.884178	322.875262	95.1695	-0.02555	NA	NA	0.820613	0.179387
HG-IV-S-3	2019-03-13	33.066259	3.204875	35.013111	27.876541	314.702336	95.403251	-0.027375	NA	NA	0.922601	0.077399
HG-IV-S-3	2019-03-21	229.31083	3.385175	35.014301	27.86122	313.842615	95.53132	-0.10585	NA	NA	0.915829	0.084171
HG-IV-S-3	2019-03-29	41.998853	3.3061	35.018817	27.871438	315.249431	95.808433	-0.0292	NA	NA	0.925706	0.074294
HG-IV-S-3	2019-04-06	30.571991	0.244575	34.661855	27.819859	338.953151	95.122422	-0.0073	NA	NA	0.579023	0.420977
HG-IV-S-3	2019-04-14	37.51653	2.468975	34.958187	27.899169	322.049038	95.835205	0.10585	NA	NA	0.881604	0.118396
HG-IV-S-3	2019-04-22	71.379562	2.0656	34.854875	27.850287	319.235407	93.972066	0.001825	NA	NA	0.758768	0.241232
HG-IV-S-3	2019-04-30	29.396453	-0.016575	34.39181	27.614985	357.498549	99.427188	3.250325	NA	NA	0.231608	0.768392
HG-IV-S-3	2019-05-08	96.572581	2.64335	34.937382	27.867725	331.528293	99.057012	1.144275	NA	NA	0.844952	0.155048
HG-IV-S-3	2019-05-16	29.8963	2.068375	34.787694	27.79593	337.657988	99.351292	5.422075	NA	NA	0.670641	0.329359
HG-IV-S-3	2019-05-24	28.848623	3.851525	35.009096	27.809115	327.988924	101.003332	2.8908	NA	NA	0.896237	0.103763
HG-IV-S-3	2019-06-01	29.025462	3.56285	35.010692	27.839679	327.352508	100.105814	0.771975	NA	NA	0.903498	0.096502
HG-IV-S-3	2019-06-09	28.892152	0.910625	34.51369	27.659542	342.905632	97.777249	4.33985	NA	NA	0.35984	0.64016
HG-IV-S-3	2019-06-17	31.039192	1.109975	34.381147	27.540623	353.40092	101.187916	11.389825	NA	NA	0.19825	0.80175
HG-IV-S-3	2019-06-25	45.790583	3.9532	35.000386	27.791491	312.268322	96.390416	0.151475	NA	NA	0.883994	0.116006
HG-IV-S-3	2019-07-03	31.518752	0.542225	34.355274	27.554229	354.606762	100.031341	2.95285	NA	NA	0.177829	0.822171
HG-IV-S-3	2019-07-11	28.501127	4.46815	34.946101	27.69263	330.110312	103.118657	2.10605	NA	NA	0.80987	0.19013
HG-IV-S-3	2019-07-19	29.004439	0.990175	34.298489	27.482082	343.854674	98.091206	2.0367	NA	NA	0.101954	0.898046
HG-IV-S-3	2019-07-27	28.440531	2.731225	34.653041	27.629242	327.955429	97.969245	3.045925	NA	NA	0.49251	0.50749
HG-IV-S-3	2019-08-04	29.80751	-0.41605	34.044029	27.354475	389.888795	107.027071	1.2556	NA	NA	0	1
HG-IV-S-3	2019-08-12	29.287629	-0.7316	34.128908	27.436835	370.081729	100.816516	2.45645	NA	NA	0	1
HG-IV-S-4	2019-09-11	25.167076	5.40235	34.808044	27.475615	297.697736	94.977191	2.0377	NA	NA	0.62824	0.37176
HG-IV-S-4	2019-09-19	25.240535	5.113275	34.808255	27.510254	297.552588	94.288045	1.31705	NA	NA	0.633791	0.366209
HG-IV-S-4	2019-09-27	24.876216	4.067375	34.695841	27.537114	303.090527	93.599042	1.073875	NA	NA	0.519016	0.480984
HG-IV-S-4	2019-10-05	27.335169	3.970825	34.718709	27.565615	302.856058	93.327038	0.923	NA	NA	0.548034	0.451966
HG-IV-S-4	2019-10-13	25.27343	3.91155	34.758528	27.603457	301.895851	92.926856	0.50765	NA	NA	0.596567	0.403433
HG-IV-S-4	2019-10-21	24.362755	4.057325	34.801945	27.62281	295.464696	91.297227	0.21655	NA	NA	0.645629	0.354371
HG-IV-S-4	2019-10-29	25.639479	3.42195	34.782447	27.671511	299.428342	91.095245	0.154425	NA	NA	0.634044	0.365956
HG-IV-S-4	2019-11-06	39.237748	2.85875	34.631586	27.604042	304.64249	91.306956	0.1136	NA	NA	0.464607	0.535393
HG-IV-S-4	2019-11-14	25.281344	1.530125	34.444132	27.561669	314.601849	91.087092	0.05325	NA	NA	0.265599	0.734401
HG-IV-S-4	2019-11-22	26.062909	2.795075	34.716924	27.677345	306.708052	91.839505	0.03195	NA	NA	0.567461	0.432539
HG-IV-S-4	2019-11-30	34.948139	1.2259	34.468946	27.597212	314.680005	90.377316	0.02485	NA	NA	0.300744	0.699256
HG-IV-S-4	2019-12-08	51.528875	2.1202	34.684174	27.70664	306.641061	90.248899	0.008875	NA	NA	0.540808	0.459192
HG-IV-S-4	2019-12-16	48.450084	3.3163	34.935621	27.804129	298.78076	90.767772	-0.00355	NA	NA	0.818498	0.181502
HG-IV-S-4	2019-12-24	27.568645	3.151875	34.95275	27.833378	300.221071	90.854572	-0.01065	NA	NA	0.842323	0.157677
HG-IV-S-4	2020-01-01	49.529352	2.820975	34.921661	27.839253	302.074494	90.651621	-0.0142	NA	NA	0.815119	0.184881
HG-IV-S-4	2020-01-09	36.163115	2.367025	34.937901	27.891867	304.430351	90.351638	-0.02485	NA	NA	0.858544	0.141456
HG-IV-S-4	2020-01-17	44.804461	2.6324	34.941304	27.87173	302.923049	90.498532	-0.026625	NA	NA	0.85084	0.14916
HG-IV-S-4	2020-01-25	26.575617	2.591775	34.919061	27.857288	304.452682	90.850073	-0.02485	NA	NA	0.822239	0.177761
HG-IV-S-4	2020-02-02	26.145762	-0.690925	34.47233	27.713051	328.491358	89.826129	-0.0213	NA	NA	0.362793	0.637207
HG-IV-S-4	2020-02-10	27.892646	-0.464875	34.582649	27.792315	326.302979	89.838401	-0.026625	NA	NA	0.503502	0.496498
HG-IV-S-4	2020-02-18	153.109905	3.3507	34.916792	27.786466	298.244831	90.652835	-0.030175	NA	NA	0.795431	0.204569
HG-IV-S-4	2020-02-26	100.111161	2.28485	34.831147	27.813609	302.867223	89.623077	-0.030175	NA	NA	0.716017	0.283983
HG-IV-S-4	2020-03-05	30.856105	-1.485125	34.349628	27.643044	321.535438	86.004194	-0.026625	NA	NA	0.231591	0.768409
HG-IV-S-4	2020-03-13	25.723571	1.314925	34.645732	27.738917	307.701755	88.742866	-0.01775	NA	NA	0.509774	0.490226
HG-IV-S-4	2020-03-21	29.620719	-1.654425	34.331857	27.633791	322.696619	85.911086	-0.01775	NA	NA	0.215118	0.784882
HG-IV-S-4	2020-03-29	31.830066	-1.0938	34.198177	27.507023	312.882408	84.467834	0.012425	NA	NA	0.020629	0.979371
HG-IV-S-4	2020-04-06	24.452289	-1.69935	34.149202	27.486578	318.744138	84.634005	0.04615	NA	NA	0	1
HG-IV-S-4	2020-04-14	58.522104	1.15025	34.567958	27.687708	310.158099	89.022819	0.108275	NA	NA	0.420538	0.579462
HG-IV-S-4	2020-04-22	45.263896	-1.5009	34.165204	27.493745	328.781653	87.77902	0.4828	NA	NA	0.009904	0.990096
HG-IV-S-4	2020-04-30	24.159695	-1.735175	34.056654	27.41231	327.910768	86.920204	0.6603	NA	NA	0	1
HG-IV-S-4	2020-05-08	27.479353	-0.318	34.383714	27.624411	343.787683	94.874131	5.4812	NA	NA	0.227487	0.772513
HG-IV-S-4	2020-05-16	23.829754	0.177675	34.445661	27.649085	352.920816	98.706635	8.014125	NA	NA	0.292215	0.707785
HG-IV-S-4	2020-05-24	24.496809	-0.935975	34.075623	27.40166	324.840338	87.977532	1.269125	NA	NA	0	1
HG-IV-S-4	2020-06-01	24.999634	0.57235	34.264489	27.480543	347.382877	98.003683	11.01565	NA	NA	0.095134	0.904866
HG-IV-S-4	2020-06-09	25.48836	2.2502	34.655485	27.675485	347.371712	102.576469	12.6522	NA	NA	0.504241	0.495759
HG-IV-S-4	2020-06-17	24.39664	-1.577	34.039376	27.393864	321.312134	85.523153	3.78075	NA	NA	0	1
HG-IV-S-4	2020-06-25	24.611324	2.05755	34.535001	27.593791	352.86499	103.587159	23.9625	NA	NA	0.364207	0.635793
HG-IV-S-4	2020-07-03	25.381266	5.296225	34.974154	27.619981	320.832031	102.22603	5.071175	NA	NA	0.828117	0.171883
HG-IV-S-4	2020-07-11	23.895792	3.864725	34.625846	27.502197	340.426957	104.56368	6.79115	NA	NA	0.439326	0.560674
HG-IV-S-4	2020-07-19	25.562064	2.767075	34.579269	27.569095	319.347059	95.453756	3.02105	NA	NA	0.403949	0.596051
HG-IV-S-4	2020-07-27	24.773079	5.3983	34.945419	27.584084	306.361931	97.835372	1.9312	NA	NA	0.792007	0.207993
HG-IV-S-4	2020-08-04	25.213575	5.66345	34.821032	27.453915	311.888705	100.124583	1.744825	NA	NA	0.63893	0.36107
HG-IV-S-4	2020-08-12	31.703179	5.8824	34.958177	27.534171	297.820553	96.1997	0.51475	NA	NA	0.798334	0.201666
HG-IV-S-4	2020-08-20	42.954509	2.894075	34.564415	27.547167	304.542003	91.309699	0.417125	NA	NA	0.383921	0.616079
HG-IV-S-4	2020-08-28	23.915578	6.158725	34.859277	27.420688	290.909294	94.492242	1.9454	NA	NA	0.675422	0.324578
HG-IV-S-4	2020-09-05	33.727	5.61125	34.977063	27.578566	285.951945	91.785896	0.98335	NA	NA	0.825808	0.174192
HG-IV-S-4	2020-09-13	23.801805	6.199925	34.888807	27.439315	288.084498	93.688064	1.240725	NA	NA	0.709854	0.290146
HG-IV-S-4	2020-09-21	24.310815	5.3515	34.915325	27.566718	290.920459	92.778597	1.247825	NA	NA	0.757005	0.242995
F4-S-1	2016-08-01	28.828978	6.15185	35.097603	27.610247	306.297096	99.668675	2.086888	320.85	8.0597	0.96213	0.03787
F4-S-1	2016-08-15	35.815309	6.897375	35.083926	27.499707	292.634541	96.838782	0.74095	333.275	8.12025	0.928418	0.071582
F4-S-1	2016-09-01	28.603417	7.218875	34.902436	27.311556	295.507405	98.374534	NA	342.925	8.16615	0.707669	0.292331
F4-S-1	2016-09-15	28.610343	6.722225	34.919176	27.393745	298.449486	98.250476	NA	323.7	8.15155	0.735315	0.264685
F4-S-1	2016-10-01	37.238861	6.586225	35.081289	27.540223	294.838504	96.874642	NA	347.425	8.1195	0.931967	0.068033
F4-S-1	2016-11-01	52.977401	6.536025	35.043841	27.517641	295.052789	96.803525	NA	359.233333	8.1021	0.88872	0.11128
F4-S-1	2016-12-01	36.51571	5.120375	35.105359	27.745082	303.464833	96.388337	NA	368.85	8.09215	0.987779	0.012221
F4-S-1	2017-01-01	66.644512	4.8953	35.105801	27.771985	302.348044	95.518325	NA	371	8.0873	0.990963	0.009037
F4-S-1	2017-02-01	61.594998	4.67005	35.087407	27.783161	303.880375	95.481027	NA	369.5	8.09335	0.974729	0.025271
F4-S-1	2017-02-14	29.083229	4.550625	35.096566	27.803569	307.139608	96.243544	NA	370.275	8.09435	0.988118	0.011882
F4-S-1	2017-03-01	202.56358	4.276025	35.091566	27.831064	308.159562	95.901533	NA	371.65	8.0905	0.987567	0.012433
F4-S-1	2017-03-08	29.100047	4.45755	35.096652	27.814	307.221556	96.056033	NA	371.1	8.09595	0.989595	0.010405
F4-S-1	2017-03-15	52.71131	3.91425	35.081286	27.860285	310.707494	95.873934	NA	367.7	8.09855	0.9832	0.0168
F4-S-1	2017-03-22	42.974517	3.4905	35.05042	27.878469	312.906451	95.546169	NA	364.45	8.1069	0.965122	0.034878
F4-S-1	2017-04-01	28.952641	2.9805	35.025021	27.907031	315.772818	95.211811	NA	364.125	8.1123	0.956171	0.043829
F4-S-1	2017-04-15	38.510058	3.876625	35.079672	27.862813	313.270016	96.577373	NA	368.075	8.1004	0.98192	0.01808
F4-S-1	2017-05-01	28.674647	4.0687	35.073381	27.837605	317.759007	98.412882	NA	362.5	8.11225	0.968832	0.031168
F4-S-1	2017-05-15	30.498913	3.757025	35.075037	27.871366	321.244305	98.748547	NA	364.075	8.1123	0.980926	0.019074
F4-S-1	2017-06-01	28.469862	4.209775	35.081622	27.829092	320.780764	99.691883	NA	380.775	8.11165	0.976085	0.023915
F4-S-1	2017-06-15	41.973411	4.971475	35.085037	27.7465	313.501056	99.21124	NA	374.95	NA	1	0
F4-S-1	2017-07-01	33.840721	5.793625	35.066082	27.631576	328.057231	105.825898	NA	344.85	NA	1	0
F4-S-1	2017-07-08	28.845797	6.242025	35.063871	27.571829	335.449015	109.337737	NA	376.7	NA	1	0
F4-S-1	2017-07-15	29.766835	5.979575	35.066977	27.60844	317.345911	102.824184	NA	421.05	NA	1	0
F4-S-1	2017-07-22	29.018924	6.7394	35.057202	27.500321	313.091874	103.216692	NA	424.45	NA	1	0
F4-S-2	2017-08-16	25.096308	7.441625	35.030327	27.380402	NA	NA	1.866975	245.325	8.1771	0.849152	0.150848
F4-S-2	2017-08-30	33.619123	7.215675	35.056727	27.433429	294.188828	98.044114	1.016525	318.975	8.1038	0.886109	0.113891
F4-S-2	2017-09-14	30.520678	6.31495	34.882956	27.419564	303.17877	98.852185	1.4235	315.35	8.1394	0.695548	0.304452
F4-S-2	2017-09-29	30.238729	6.9158	35.043439	27.465207	297.600046	98.494769	0.66795	353.225	8.0947	0.875776	0.124224
F4-S-2	2017-10-29	37.948161	6.625225	35.007391	27.476673	293.743791	96.548308	0.09855	362.025	8.0845	0.838321	0.161679
F4-S-2	2017-11-28	24.49579	5.10485	34.962369	27.633426	301.62124	95.668085	-0.012775	364.9	8.0843	0.812172	0.187828
F4-S-2	2017-12-28	26.063861	4.259475	35.022407	27.776629	308.605888	95.980063	-0.016425	372.3	8.0728	0.898377	0.101623
F4-S-2	2018-01-27	87.486159	3.966225	35.069706	27.845888	310.153983	95.809188	-0.03285	376.075	8.071	0.960237	0.039763
F4-S-2	2018-02-11	98.448139	3.820275	35.069658	27.860991	311.198591	95.792491	-0.0365	375.6	8.0691	0.965679	0.034321
F4-S-2	2018-02-26	25.76113	3.169225	35.057035	27.914956	322.73062	97.785402	-0.034675	377.15	8.0707	0.973725	0.026275
F4-S-2	2018-03-07	109.577646	4.46125	35.081351	27.802043	309.534305	96.761933	-0.041975	382.025	8.064	0.963113	0.036887
F4-S-2	2018-03-16	30.196189	4.003875	35.073303	27.84433	313.013063	96.791713	-0.038325	379.766667	8.0699	0.962689	0.037311
F4-S-2	2018-03-25	27.432079	4.134625	35.073514	27.830688	312.529797	96.947101	-0.05475	378.825	8.0699	0.96294	0.03706
F4-S-2	2018-04-03	53.091157	3.141075	35.023446	27.89087	318.358866	96.365604	-0.02555	374.2	8.0734	0.932336	0.067664
F4-S-2	2018-04-12	25.736397	3.463525	35.062279	27.890644	317.031987	96.754268	-0.005475	376.225	8.0721	0.966931	0.033069
F4-S-2	2018-04-21	34.967505	3.0589	35.045032	27.915835	320.635866	96.878446	0.0657	374.525	8.0726	0.961931	0.038069
F4-S-2	2018-04-30	26.370548	3.274025	35.053219	27.901895	325.311294	98.816902	0.844975	365.1	8.0923	0.95917	0.04083
F4-S-2	2018-05-12	25.386179	4.10525	35.066227	27.828012	340.3961	105.511196	4.279625	356.625	8.1238	0.954258	0.045742
F4-S-2	2018-05-24	29.292961	3.50345	35.061239	27.885891	340.421666	103.992187	5.046125	364.1	8.1288	0.960844	0.039156
F4-S-2	2018-06-05	24.215811	3.946425	35.049985	27.831811	373.550771	115.332848	12.437375	276.025	8.2223	0.93857	0.06143
F4-S-2	2018-06-17	27.157051	4.84075	35.036261	27.722762	364.800484	115.045939	13.222125	284.375	NA	0.907553	0.092447
F4-S-2	2018-06-29	25.206123	5.4564	35.03446	27.64836	336.694556	107.734769	6.45685	357.5	8.1787	0.890741	0.109259
F4-S-2	2018-07-08	24.764886	5.833125	35.033841	27.601031	346.66604	111.906579	10.805825	342.3	8.2354	0.88267	0.11733
F4-S-2	2018-07-17	23.973427	5.836775	35.064932	27.625168	329.081883	106.263425	6.305375	491.35	8.1655	0.92155	0.07845
F4-S-3	2018-08-01	24.22998	6.302425	35.013539	27.52438	313.52999	102.300592	7.203275	358.15	8.2104	0.856601	0.143399
F4-S-3	2018-08-09	24.873046	6.546275	35.011502	27.490368	304.184717	99.805691	2.0294	810.75	8.2009	0.849704	0.150296
F4-S-3	2018-08-17	24.048685	6.6076	35.004087	27.476206	304.475012	100.034473	3.6646	417	8.2089	0.839744	0.160256
F4-S-3	2018-08-25	23.655176	6.21805	34.967483	27.499097	301.404582	98.118048	3.640875	379.075	8.2045	0.803269	0.196731
F4-S-3	2018-09-02	25.344462	7.1174	34.94683	27.360851	292.226788	97.093095	2.180875	374.875	8.1688	0.762173	0.237827
F4-S-3	2018-09-10	23.815202	6.966975	34.952425	27.386262	288.810236	95.634752	1.658925	413.75	8.1495	0.771598	0.228402
F4-S-3	2018-09-18	23.695245	6.94825	34.973145	27.405171	288.899558	95.637921	1.14975	422.55	8.1467	0.79663	0.20337
F4-S-3	2018-09-26	27.704979	6.4707	35.027122	27.512858	281.19557	92.11296	0.3577	487.4	8.0712	0.869702	0.130298
F4-S-3	2018-10-04	25.237862	4.393425	34.599445	27.425934	300.812827	93.559414	0.607725	429.15	8.1155	0.398176	0.601824
F4-S-3	2018-10-12	26.790842	4.718125	34.781831	27.534126	294.973427	92.577557	0.490925	452.625	8.1146	0.609549	0.390451
F4-S-3	2018-10-20	40.082943	5.400375	34.969352	27.603749	288.799071	92.241966	0.3066	462.966667	8.1045	0.820485	0.179515
F4-S-3	2018-10-28	57.012992	5.813925	34.944715	27.533309	287.392256	92.663003	0.315725	489.525	8.0884	0.783548	0.216452
F4-S-3	2018-11-05	44.120298	5.134975	34.996822	27.657331	292.249118	92.781781	0.2336	477.675	8.0923	0.858083	0.141917
F4-S-3	2018-11-13	37.772994	5.33185	34.932273	27.582635	291.378232	92.891029	0.1898	494.025	8.0848	0.77756	0.22244
F4-S-3	2018-11-21	34.59595	4.695525	35.002034	27.71223	298.300657	93.729289	0.1825	482.266667	8.0858	0.87235	0.12765
F4-S-3	2018-11-29	23.44519	4.9329	35.001109	27.684224	294.727792	93.130425	0.166075	492.025	8.0827	0.866896	0.133104
F4-S-3	2018-12-07	25.373645	4.1529	35.01886	27.785202	299.696307	92.968861	0.162425	492.525	8.0782	0.902347	0.097653
F4-S-3	2018-12-15	41.971659	4.4629	34.922812	27.675302	296.391407	92.558496	0.15695	496.925	8.0764	0.782216	0.217784
F4-S-3	2018-12-23	28.454387	4.41705	34.988686	27.732659	297.988031	93.004084	0.14965	497.725	8.0758	0.86155	0.13845
F4-S-3	2018-12-31	38.422211	4.191875	34.996834	27.763645	298.602117	92.698994	0.1533	499.225	8.0739	0.875387	0.124613
F4-S-3	2019-01-08	47.107091	4.41885	34.991157	27.734573	296.882676	92.661749	0.147825	505.375	8.0712	0.864461	0.135539
F4-S-3	2019-01-16	47.77566	4.01765	34.973539	27.76362	298.970569	92.407687	0.151475	505.225	8.069	0.850822	0.149178
F4-S-3	2019-01-24	44.566523	3.449775	34.979189	27.825746	302.498772	92.226488	0.151475	504.85	8.0749	0.868541	0.131459
F4-S-3	2019-02-01	29.777594	3.66575	35.01907	27.836049	302.599259	92.773248	0.1533	501.95	8.0734	0.911527	0.088473
F4-S-3	2019-02-09	26.930596	3.760925	34.99732	27.809044	303.927917	93.380546	0.147825	501.9	8.0722	0.883865	0.116135
F4-S-3	2019-02-17	23.669027	3.141275	34.986695	27.861417	305.658524	92.500311	0.1533	504.875	8.0761	0.889349	0.110651
F4-S-3	2019-02-25	23.611397	3.531275	35.012541	27.844266	303.604127	92.774567	0.14965	504.45	8.0716	0.906667	0.093333
F4-S-3	2019-03-05	27.213788	3.968825	35.01679	27.803065	299.707472	92.560492	0.146	509.85	8.0707	0.903254	0.096746
F4-S-3	2019-03-13	22.795441	3.5141	35.010269	27.844155	301.672547	92.144424	0.14235	515.4	8.0733	0.904373	0.095627
F4-S-3	2019-03-21	42.887717	3.73515	35.013083	27.824336	301.203609	92.494428	0.151475	508.925	8.074	0.903121	0.096879
F4-S-3	2019-03-29	25.691963	3.316125	35.01305	27.865769	304.396856	92.53117	0.1533	508.3	8.0716	0.917331	0.082669
F4-S-3	2019-04-06	24.466431	2.9524	35.007747	27.895884	307.221652	92.558733	0.1533	507.775	8.076	0.927016	0.072984
F4-S-3	2019-04-14	38.00203	3.4666	35.009262	27.848141	304.787638	92.98548	0.319375	515.95	8.07	0.905124	0.094876
F4-S-3	2019-04-22	30.414951	3.48175	35.005475	27.843581	306.216784	93.454365	0.301125	517.425	8.0741	0.899304	0.100696
F4-S-3	2019-04-30	23.46374	3.473325	35.008117	27.846478	306.451253	93.509732	0.341275	521.95	8.0774	0.903242	0.096758
F4-S-3	2019-05-08	34.905333	2.3803	34.845988	27.815613	321.04417	95.22961	3.1025	493.85	8.0972	0.732188	0.267812
F4-S-3	2019-05-16	25.142884	4.155575	35.035928	27.798502	309.555178	96.04599	0.888775	506.15	8.087	0.922635	0.077365
F4-S-3	2019-05-24	22.804098	3.464725	35.01314	27.851322	319.659685	97.523488	1.060325	540.275	8.1027	0.910528	0.089472
F4-S-3	2019-06-01	71.179829	3.89605	35.027876	27.819783	306.786209	94.58133	0.260975	536.7	8.069	0.917798	0.082202
F4-S-3	2019-06-09	24.342764	4.483675	35.038698	27.76501	317.393149	99.256122	1.8688	550.4	8.1043	0.919921	0.080079
F4-S-3	2019-06-17	23.405616	4.56755	35.038781	27.755726	316.34362	99.12653	0.9052	765.9	8.1013	0.918482	0.081518
F4-S-3	2019-06-25	38.438049	4.330025	35.033391	27.777782	308.22652	96.030408	0.465375	680.733333	8.084	0.916414	0.083586
F4-S-3	2019-07-03	23.699449	4.8783	35.041142	27.722304	320.374258	101.133988	3.34705	472.925	8.1503	0.9156	0.0844
F4-S-3	2019-07-11	38.51068	5.048875	35.026428	27.690493	310.22509	98.325958	0.98915	592.2	8.1148	0.89494	0.10506
F4-S-3	2019-07-19	30.659796	5.412075	35.022956	27.644689	295.944799	94.58979	0.3212	736.2	8.0712	0.884144	0.115856
F4-S-3	2019-07-27	22.596089	6.21385	34.987731	27.515537	317.46014	103.350158	1.877925	614.3	7.8903	0.827473	0.172527
F4-S-3	2019-08-04	23.092985	4.798775	34.783398	27.525716	354.416953	111.427198	3.681025	522.15	8.2308	0.609938	0.390062
F4-S-3	2019-08-12	22.848618	7.041675	34.953227	27.376278	310.805681	103.09306	3.46385	533.025	8.2066	0.771183	0.228817
F4-S-4	2019-09-11	20.848655	6.279025	34.915238	27.449811	293.622438	95.682577	2.2338	380.3	8.1339	0.739898	0.260102
F4-S-4	2019-09-19	42.15733	6.4667	34.862335	27.383466	291.255415	95.280146	1.584	397.3	8.1181	0.67342	0.32658
F4-S-4	2019-09-27	29.692014	6.270575	34.879453	27.422766	288.151489	93.85507	1.2438	399.55	8.1177	0.697413	0.302587
F4-S-4	2019-10-05	20.958721	6.08415	34.769352	27.359888	290.161225	94.028556	1.0548	392.1	8.1303	0.569638	0.430362
F4-S-4	2019-10-13	21.094015	5.42235	34.73585	27.415986	293.488455	93.628553	0.837	401.25	8.1208	0.54185	0.45815
F4-S-4	2019-10-21	22.614637	4.50675	34.633609	27.440655	297.92104	92.935311	0.648	399.75	8.1165	0.436808	0.563192
F4-S-4	2019-10-29	23.913392	3.412675	34.556864	27.492625	306.942522	93.202098	0.5274	403.65	8.1195	0.365416	0.634584
F4-S-4	2019-11-06	25.571018	3.0115	34.511137	27.493897	307.936224	92.558313	0.468	417.05	8.1136	0.318284	0.681716
F4-S-4	2019-11-14	21.736101	1.69425	34.516505	27.607826	318.286365	92.589408	0.4194	397	8.1327	0.348828	0.651172
F4-S-4	2019-11-22	20.853108	4.322975	34.84375	27.627672	298.144344	92.743901	0.396	442.4	8.0874	0.690574	0.309426
F4-S-4	2019-11-30	23.028183	3.9343	34.929456	27.737088	299.33902	92.309148	0.3708	449.7	8.0585	0.799823	0.200177
F4-S-4	2019-12-08	22.277516	3.612425	34.967255	27.800078	300.489036	91.972375	0.369	461.3	8.2818	0.850764	0.149236
F4-S-4	2019-12-16	20.727955	3.3166	34.929732	27.799242	303.124023	92.087844	0.3636	454.55	0	0.811475	0.188525
F4-S-4	2019-12-24	22.166219	1.496075	34.530954	27.633598	316.823724	91.710195	0.387	454.7	0	0.369678	0.630322
F4-S-4	2020-01-01	21.028718	2.441725	34.810002	27.783128	310.615872	92.270447	0.3618	451.3	0	0.684847	0.315153
F4-S-4	2020-01-09	44.916618	2.8701	34.943035	27.851853	306.55174	92.122116	0.333	458.35	0	0.842133	0.157867
F4-S-4	2020-01-17	43.310122	3.007175	34.908977	27.81205	305.569202	92.112904	0.3096	463.95	0	0.792416	0.207584
F4-S-4	2020-01-25	23.467695	3.652575	34.966857	27.795734	300.913313	92.191453	0.3582	465.9	0	0.849553	0.150447
F4-S-4	2020-02-02	20.78509	3.53935	34.960956	27.802335	301.326426	92.061109	0.3636	469.65	0	0.844597	0.155403
F4-S-4	2020-02-10	23.792941	2.98835	34.919688	27.822203	303.816265	91.552107	0.3528	463.6	0	0.806716	0.193284
F4-S-4	2020-02-18	31.63549	3.231425	34.894907	27.779695	302.744406	91.755704	0.3204	463.7	0	0.771541	0.228459
F4-S-4	2020-02-26	22.430371	0.2877	34.550477	27.72769	317.895583	89.236805	0.3654	425.35	0	0.424315	0.575685
F4-S-4	2020-03-05	81.676419	1.205525	34.643234	27.744039	313.25086	90.082536	0.2682	435.65	0	0.511449	0.488551
F4-S-4	2020-03-13	27.493755	-1.6529	34.370394	27.665068	331.67344	88.331654	0.3546	412.9	0	0.267881	0.732119
F4-S-4	2020-03-21	22.642835	-0.682475	34.440605	27.686636	322.942254	88.306298	0.3564	409.1	0	0.318904	0.681096
F4-S-4	2020-03-29	22.66905	0.597775	34.585363	27.73764	317.515966	89.870789	0.3366	428.85	0	0.457689	0.542311
F4-S-4	2020-04-06	21.084616	0.7677	34.626916	27.760378	321.758742	91.498527	0.5706	425.4	0	0.506737	0.493263
F4-S-4	2020-04-14	21.310435	1.026325	34.637035	27.751922	323.344201	92.567702	0.9648	429.45	0	0.508555	0.491445
F4-S-4	2020-04-22	23.704396	1.110425	34.673688	27.775755	333.504533	95.707743	2.4876	439.6	0	0.554885	0.445115
F4-S-4	2020-04-30	28.647291	3.69135	34.962133	27.788094	306.339601	93.938032	0.6462	490.4	0	0.843213	0.156787
F4-S-4	2020-05-08	21.001758	1.971975	34.8095	27.821385	337.166719	98.991202	4.9824	421.05	0	0.700922	0.299078
F4-S-4	2020-05-16	20.366842	2.602675	34.881309	27.824825	329.965165	98.438023	1.7406	572.5	0	0.770024	0.229976
F4-S-4	2020-05-24	21.442265	3.309825	34.916366	27.789216	320.899022	97.46211	1.6182	465.4	0	0.795673	0.204327
F4-S-4	2020-06-01	20.402953	3.955075	34.954814	27.755129	320.162119	98.799847	1.6686	487.7	0	0.829657	0.170343
F4-S-4	2020-06-09	20.69036	3.028025	34.79164	27.716318	353.769372	106.605527	10.0008	573.5	0	0.65222	0.34778
F4-S-4	2020-06-17	20.86869	5.1444	34.959832	27.626694	314.914475	99.976672	1.9836	511.3	0	0.813835	0.186165
F4-S-4	2020-06-25	20.484327	5.153775	34.958688	27.62467	323.589835	102.75256	1.7388	522.45	0	0.812299	0.187701
F4-S-4	2020-07-03	23.734321	5.34265	34.661585	27.366548	316.700907	100.78638	2.5326	463.2	0	0.454819	0.545181
F4-S-4	2020-07-11	25.918518	5.92195	34.846952	27.441959	330.210799	106.66929	8.0388	510.4	0	0.665076	0.334924
F4-S-4	2020-07-19	37.837066	6.556425	34.914353	27.412502	307.054174	100.6959	0.801	504.35	0	0.733759	0.266241
F4-S-4	2020-07-27	20.112578	6.316825	34.956421	27.477346	317.984905	103.744798	4.2336	961.15	0	0.788277	0.211723
F4-S-4	2020-08-04	22.718271	6.76915	34.939866	27.403203	329.730695	108.681148	5.6304	512.85	0	0.760259	0.239741
F4-S-4	2020-08-12	31.543003	6.194125	34.955229	27.492031	291.233085	94.747184	1.5372	669.55	0	0.789106	0.210894
F4-S-4	2020-08-20	21.151891	7.36185	34.902845	27.291473	293.711759	98.097304	2.3346	616.9	0	0.705281	0.294719
F4-S-4	2020-08-28	20.302287	7.4055	34.909997	27.290819	290.741816	97.206266	1.3338	517.3	0	0.713003	0.286997
F4-S-4	2020-09-05	20.778906	6.73505	34.557677	27.106783	296.625876	97.420908	2.0826	487.85	0	0.305481	0.694519
F4-S-4	2020-09-13	24.001443	6.779	34.7848	27.280014	287.001474	94.512654	1.2456	936.8	0	0.575307	0.424693
F4-S-4	2020-09-21	21.626036	6.60885	34.846818	27.351898	289.815104	95.112003	2.2194	642.1	0	0.652324	0.347676
Fevi-34	2016-08-01	78.238815	4.71665	35.114143	27.799215	298.049134	93.768792	NA	NA	NA	1	0
Fevi-34	2016-08-15	112.926776	4.4021	35.107062	27.829043	298.117697	93.080252	NA	NA	NA	1	0
Fevi-34	2016-09-01	74.873946	5.269425	35.121626	27.740479	289.516323	92.285655	NA	NA	NA	1	0
Fevi-34	2016-09-15	75.08759	4.894825	35.120489	27.783792	292.996557	92.573989	NA	NA	NA	1	0
Fevi-34	2016-10-01	76.192404	5.957425	35.130142	27.661684	289.78026	93.871415	NA	NA	NA	1	0
Fevi-34	2016-11-01	82.462133	5.45305	35.067253	27.675273	299.28309	95.771007	NA	NA	NA	0.936175	0.063825
Fevi-34	2016-12-01	74.991648	5.0999	35.051555	27.705111	296.358321	94.041609	NA	NA	NA	0.923945	0.076055
Fevi-34	2017-01-01	154.527951	3.312325	34.969942	27.832472	306.983126	93.260515	NA	NA	NA	0.859467	0.140533
Fevi-34	2017-02-01	101.414555	2.962925	35.007676	27.895231	308.600357	92.987772	NA	NA	NA	0.926428	0.073572
Fevi-34	2017-02-14	80.603686	4.285475	35.083782	27.823025	305.303356	95.046968	NA	NA	NA	0.977275	0.022725
Fevi-34	2017-03-01	105.941988	3.5361	35.035202	27.862374	304.932067	93.195211	NA	NA	NA	0.937448	0.062552
Fevi-34	2017-03-08	76.999497	2.336475	34.817187	27.797259	313.724218	92.945204	NA	NA	NA	0.695338	0.304662
Fevi-34	2017-03-15	74.304227	3.897375	35.092034	27.87074	306.234589	94.459835	NA	NA	NA	0.998524	0.001476
Fevi-34	2017-03-22	98.428847	2.35285	35.042367	27.976914	314.530458	93.382952	NA	NA	NA	1	0
Fevi-34	2017-04-01	101.06545	2.772175	35.035811	27.935	311.317051	93.387237	NA	NA	NA	0.973893	0.026107
Fevi-34	2017-04-15	86.272934	2.28845	35.04287	27.982744	317.200756	94.026894	NA	NA	NA	1	0
Fevi-34	2017-05-01	80.16454	3.414525	35.05028	27.886173	313.982092	95.690574	NA	NA	NA	0.963786	0.036214
Fevi-34	2017-05-15	75.988652	3.50285	35.058025	27.883615	311.54496	95.16129	NA	NA	NA	0.970288	0.029712
Fevi-34	2017-06-01	80.091349	3.7559	35.058193	27.858343	315.797143	97.051975	NA	NA	NA	0.958722	0.041278
Fevi-34	2017-06-15	79.262508	3.998625	35.072917	27.844957	307.614775	95.102004	NA	NA	NA	0.969588	0.030412
Fevi-34	2017-07-01	113.917662	3.633625	35.086241	27.893381	311.146867	95.354669	NA	NA	NA	1	0
Fevi-34	2017-07-08	80.254545	4.017475	35.082538	27.850525	307.07904	94.988096	NA	NA	NA	0.980706	0.019294
Fevi-34	2017-07-15	98.878832	4.180275	35.097806	27.845642	306.582575	95.211353	NA	NA	NA	0.995914	0.004086
Fevi-34	2017-07-22	86.919765	4.05185	34.994614	27.776875	305.696245	94.574298	NA	NA	NA	0.875308	0.124692
Fevi-36	2017-08-15	77.582067	5.4529	35.103229	27.70375	288.829886	92.450935	NA	NA	NA	0.978183	0.021817
Fevi-36	2017-08-30	77.450519	4.9429	35.117588	27.775908	291.398877	92.17096	NA	NA	NA	1	0
Fevi-36	2017-09-14	77.393152	5.2381	35.100714	27.72773	287.422162	91.536515	NA	NA	NA	0.977019	0.022981
Fevi-36	2017-09-29	81.793529	6.26375	35.098502	27.597159	285.60966	93.155378	NA	NA	NA	0.961551	0.038449
Fevi-36	2017-10-29	77.87978	5.4177	35.010588	27.634662	294.330024	94.069005	NA	NA	NA	0.865962	0.134038
Fevi-36	2017-11-28	83.602512	4.45035	34.966067	27.710755	299.424501	93.496996	NA	NA	NA	0.825744	0.174256
Fevi-36	2017-12-28	79.778803	4.16355	35.067323	27.823056	302.285802	93.822058	NA	NA	NA	0.957396	0.042604
Fevi-36	2018-01-27	80.039918	3.42795	35.022593	27.862833	306.402528	93.393804	NA	NA	NA	0.917183	0.082817
Fevi-36	2018-02-11	79.301082	3.81185	35.07227	27.863883	303.977206	93.55546	NA	NA	NA	0.968791	0.031209
Fevi-36	2018-02-26	147.282567	3.06665	34.996336	27.876878	316.189742	95.501804	NA	NA	NA	0.904491	0.095509
Fevi-36	2018-03-07	78.223979	3.5294	35.062459	27.884583	309.915134	94.726118	NA	NA	NA	0.971839	0.028161
Fevi-36	2018-03-16	80.833149	2.91905	34.987442	27.883041	313.964867	94.490541	NA	NA	NA	0.896959	0.103041
Fevi-36	2018-03-25	86.637889	3.1055	35.048131	27.914211	313.124255	94.711947	NA	NA	NA	0.966179	0.033821
Fevi-36	2018-04-03	80.216961	3.07255	35.032877	27.905113	312.39682	94.405566	NA	NA	NA	0.945266	0.054734
Fevi-36	2018-04-12	80.141792	2.51175	34.983329	27.915937	315.517977	94.004851	NA	NA	NA	0.909966	0.090034
Fevi-36	2018-04-21	93.974433	3.24	35.047272	27.900829	312.740199	94.905257	NA	NA	NA	0.960339	0.039661
Fevi-36	2018-04-30	155.619482	2.9199	35.031999	27.918758	314.792427	94.763337	NA	NA	NA	0.953385	0.046615
Fevi-36	2018-05-12	77.483159	3.2072	35.02382	27.885106	321.856175	97.579104	NA	NA	NA	0.932849	0.067151
Fevi-36	2018-05-24	77.076646	3.0575	35.011554	27.889438	316.446848	95.578935	NA	NA	NA	0.920694	0.079306
Fevi-36	2018-06-05	86.872291	3.13155	34.999031	27.872591	317.400705	96.030854	NA	NA	NA	0.890688	0.109312
Fevi-36	2018-06-17	82.907208	3.05275	34.994066	27.875989	328.563804	99.213794	NA	NA	NA	0.896718	0.103282
Fevi-36	2018-06-29	77.82538	3.69235	35.04264	27.852448	310.58278	95.292452	NA	NA	NA	0.937152	0.062848
Fevi-36	2018-07-08	94.472889	3.4426	35.010426	27.851706	311.81684	95.07568	NA	NA	NA	0.905163	0.094837
