yyyy	mm	dd	HG-IV	F4	EGC
2016	5	1	0	0	100
2016	5	2	0	0	96.878965
2016	5	3	0	0	96.321097
2016	5	4	0	0	89.569616
2016	5	5	0	0	62.52225
2016	5	6	0	0	43.232083
2016	5	7	0	0	80.040624
2016	5	8	0	0	71.225746
2016	5	9	0	0	74.103746
2016	5	10	0	0	61.951682
2016	5	11	0	0	70.750878
2016	5	12	0	0	11.193199
2016	5	13	0	0	26.274941
2016	5	14	0	0	16.049893
2016	5	15	0	0	49.190567
2016	5	16	0	0	75.611094
2016	5	17	0	0	54.958648
2016	5	18	0	0	64.057615
2016	5	19	0	0	13.694144
2016	5	20	0	0	67.23882
2016	5	21	0	0	86.05099
2016	5	22	0	0	51.026826
2016	5	23	0	0	44.437829
2016	5	24	0	0	46.988443
2016	5	25	0	0	48.606492
2016	5	26	0	0	74.957542
2016	5	27	0	0	40.648152
2016	5	28	0	0	32.769822
2016	5	29	0	0	67.181629
2016	5	30	0	0	43.347076
2016	5	31	0	0	24.618869
2016	6	1	0	0	51.697356
2016	6	2	0	0	53.865135
2016	6	3	0	0	45.54961
2016	6	4	0	0	20.978232
2016	6	5	0	0	36.716963
2016	6	6	0	0	47.7364
2016	6	7	0	0	72.441067
2016	6	8	0	0	73.162593
2016	6	9	0	0	84.609581
2016	6	10	0	0	81.938722
2016	6	11	0	0	84.929461
2016	6	12	0	0	69.303554
2016	6	13	0	0	70.780887
2016	6	14	0	0	67.390095
2016	6	15	0	0	46.371457
2016	6	16	0	0	98.459752
2016	6	17	0	0	88.791187
2016	6	18	0	0	89.62638
2016	6	19	0	0	60.628704
2016	6	20	0	0	71.652109
2016	6	21	0	0	83.26267
2016	6	22	3.572841	0	71.225704
2016	6	23	3.186129	0	50.883226
2016	6	24	0.634648	0	45.450778
2016	6	25	0.597141	0	71.753415
2016	6	26	0	0	68.690599
2016	6	27	0	0	29.874515
2016	6	28	1.839525	0	31.08409
2016	6	29	1.415052	0	41.194065
2016	6	30	0	0	64.288395
2016	7	1	0	0	65.20608
2016	7	2	0	0	42.243864
2016	7	3	0	0	19.321693
2016	7	4	0	0	4.50029
2016	7	5	0	0	18.280164
2016	7	6	0	0	24.640882
2016	7	7	0	0	29.201998
2016	7	8	0	0	24.870772
2016	7	9	0	0	3.781639
2016	7	10	0	0	0
2016	7	11	0	0	1.257928
2016	7	12	0	0	1.088444
2016	7	13	0	0	1.544847
2016	7	14	0	0	3.598608
2016	7	15	0	0	13.153843
2016	7	16	0	0	4.457312
2016	7	17	0	0	1.843051
2016	7	18	0	0	0
2016	7	19	0	0	0.815614
2016	7	20	0	0	0
2016	7	21	0	0	0
2016	7	22	0	0	0
2016	7	23	0	0	0
2016	7	24	0	0	4.652
2016	7	25	0	0	10.940393
2016	7	26	0	0	12.694491
2016	7	27	0	0	36.743674
2016	7	28	0	0	52.98281
2016	7	29	0	0	54.649618
2016	7	30	0	0	30.387409
2016	7	31	0	0	3.085143
2016	8	1	0	0	4.807688
2016	8	2	0	0	8.129987
2016	8	3	0	0	21.460011
2016	8	4	0	0	35.55445
2016	8	5	0	0	20.447324
2016	8	6	0	0	34.247628
2016	8	7	0	0	5.738575
2016	8	8	0	0	10.287641
2016	8	9	0	0	16.447621
2016	8	10	0	0	5.004387
2016	8	11	0	0	3.171463
2016	8	12	0	0	3.275082
2016	8	13	0	0	0
2016	8	14	0	0	0
2016	8	15	0	0	0.558805
2016	8	16	0	0	2.631757
2016	8	17	0	0	10.230773
2016	8	18	0	0	17.524812
2016	8	19	0	0	18.661284
2016	8	20	0	0	8.016815
2016	8	21	0	0	1.180078
2016	8	22	0	0	0
2016	8	23	0	0	0
2016	8	24	0	0	0.689847
2016	8	25	0	0	13.002073
2016	8	26	0	0	3.897756
2016	8	27	0	0	7.511891
2016	8	28	0	0	31.558244
2016	8	29	0	0	60.378024
2016	8	30	0	0	42.214217
2016	8	31	0	0	42.455569
2016	9	1	0	0	77.260107
2016	9	2	0	0	72.990713
2016	9	3	0	0	83.131997
2016	9	4	0	0	90.708073
2016	9	5	0	0	71.220409
2016	9	6	0	0	74.111097
2016	9	7	0	0	53.140144
2016	9	8	0	0	47.879665
2016	9	9	0	0	43.281329
2016	9	10	0	0	36.33927
2016	9	11	2.170955	0	41.109357
2016	9	12	8.353606	0	18.12975
2016	9	13	26.65613	0	45.093589
2016	9	14	8.46511	0	20.410503
2016	9	15	51.504101	0	19.26489
2016	9	16	52.304834	0	27.430873
2016	9	17	64.430831	0	11.371069
2016	9	18	41.313191	0	19.91401
2016	9	19	53.856541	0	11.350327
2016	9	20	19.555384	0	1.541664
2016	9	21	0.357976	0	0.148453
2016	9	22	0	0	0.066559
2016	9	23	1.928996	0	23.036463
2016	9	24	0	0	39.648267
2016	9	25	0.242073	0	63.696886
2016	9	26	0.408406	0	73.355771
2016	9	27	0	0	41.075875
2016	9	28	0	0	71.207344
2016	9	29	0	0	76.630513
2016	9	30	1.105551	1.239103	47.712044
2016	10	1	0	0	68.87423
2016	10	2	0	0	56.885307
2016	10	3	0	0	55.938619
2016	10	4	0	0	95.563692
2016	10	5	0	0	99.587821
2016	10	6	0	0	99.725531
2016	10	7	0	0	82.221589
2016	10	8	0	0	81.055971
2016	10	9	2.808179	0	97.749321
2016	10	10	0	0	66.040606
2016	10	11	0	0	93.283768
2016	10	12	0.124207	0	75.199396
2016	10	13	0	0	91.35062
2016	10	14	0	0	98.278942
2016	10	15	0.85915	0	65.834382
2016	10	16	16.291419	0	90.503362
2016	10	17	4.782091	0	99.369019
2016	10	18	0	0	100
2016	10	19	0	0	98.581832
2016	10	20	0	0	99.069856
2016	10	21	0	0	80.637466
2016	10	22	0	0	86.283138
2016	10	23	0	0	99.487102
2016	10	24	0	0	99.513169
2016	10	25	0	0	99.843329
2016	10	26	0.280728	0	98.881229
2016	10	27	0	0	86.033003
2016	10	28	0	0	70.196
2016	10	29	0	0	56.234023
2016	10	30	0	0	13.882004
2016	10	31	0	0	12.3494
2016	11	1	0	0	25.371987
2016	11	2	0	0	45.852096
2016	11	3	0	0	54.146714
2016	11	4	0	0	31.710389
2016	11	5	0	0	30.175831
2016	11	6	9.880227	0	79.390618
2016	11	7	2.560154	0	88.059474
2016	11	8	0	0	54.499749
2016	11	9	0	0	76.0592
2016	11	10	0	0	63.434005
2016	11	11	0	0	50.139135
2016	11	12	0	0	29.574204
2016	11	13	0	0	22.071448
2016	11	14	0	0	65.484982
2016	11	15	0	0	38.319347
2016	11	16	0	0	11.245559
2016	11	17	0.088888	0	18.656834
2016	11	18	0	0	47.232464
2016	11	19	0	0	58.751948
2016	11	20	0	0	98.630742
2016	11	21	0	0	99.19852
2016	11	22	0	0	95.753791
2016	11	23	0	0	85.227736
2016	11	24	0	0	72.264783
2016	11	25	0	0	47.002713
2016	11	26	0	0	41.46071
2016	11	27	0	0	61.973314
2016	11	28	0	0	54.045401
2016	11	29	0	0	70.225895
2016	11	30	0	0	48.342505
2016	12	1	0	0	70.722155
2016	12	2	0	0	84.896381
2016	12	3	0	0	89.031617
2016	12	4	0	0	58.679039
2016	12	5	0	0	43.180184
2016	12	6	0	0	28.681023
2016	12	7	0	0	39.749094
2016	12	8	0	0	20.620935
2016	12	9	0	0	36.908651
2016	12	10	0	0	70.092214
2016	12	11	0	0	70.522083
2016	12	12	0	0	53.763271
2016	12	13	0	0	52.142282
2016	12	14	0	0	53.30388
2016	12	15	0	0	52.70978
2016	12	16	0	0	53.310591
2016	12	17	0	0	99.522673
2016	12	18	0	0	96.086189
2016	12	19	0	0	99.38256
2016	12	20	0	0	98.591219
2016	12	21	0	0	95.22482
2016	12	22	0	0	64.391159
2016	12	23	0	0	40.502923
2016	12	24	0	0	11.702873
2016	12	25	0	0	9.78963
2016	12	26	0	0	27.941035
2016	12	27	0	0	10.152399
2016	12	28	0	0	19.66011
2016	12	29	0	0	0
2016	12	30	0	0	0
2016	12	31	0	0	0
2017	1	1	0	0	0
2017	1	2	0	0	0
2017	1	3	0	0	0
2017	1	4	0	0	0.372323
2017	1	5	0	0	9.340881
2017	1	6	0	0	21.166828
2017	1	7	0	0	2.643071
2017	1	8	0	0	0
2017	1	9	0	0	3.288723
2017	1	10	0	0	21.052535
2017	1	11	0	0	72.84132
2017	1	12	0	0	69.839836
2017	1	13	0	0	71.227728
2017	1	14	0	0	50.981897
2017	1	15	0	0	74.675715
2017	1	16	0	1.793754	89.600346
2017	1	17	0	0	76.568454
2017	1	18	0	0	89.607025
2017	1	19	0	0	90.668181
2017	1	20	0	0	90.344401
2017	1	21	0	0	91.353129
2017	1	22	0	0	98.710955
2017	1	23	0	0	99.424561
2017	1	24	0	0	94.424929
2017	1	25	0	0	79.513646
2017	1	26	0	0	80.493409
2017	1	27	0	0	94.90673
2017	1	28	0	0	98.132308
2017	1	29	0	0	96.780739
2017	1	30	0	0	99.162662
2017	1	31	0	0	99.022579
2017	2	1	0	0	98.490933
2017	2	2	0	0	72.391872
2017	2	3	0	0	84.382233
2017	2	4	0	0	97.881254
2017	2	5	0	0	90.137117
2017	2	6	0	0	90.983874
2017	2	7	0	0	79.389354
2017	2	8	0	0	90.637477
2017	2	9	0	0	84.59216
2017	2	10	0	0	93.276442
2017	2	11	0	0	70.746863
2017	2	12	0.309327	0	73.192612
2017	2	13	0	0	68.305028
2017	2	14	0.001117	0	91.763298
2017	2	15	1.651264	0	91.776915
2017	2	16	0	0	91.471276
2017	2	17	0	0	94.193899
2017	2	18	6.20028	0	96.577469
2017	2	19	0	0	83.982617
2017	2	20	0	0	93.563125
2017	2	21	0	0	96.791312
2017	2	22	0	0	98.04986
2017	2	23	0	0	95.813928
2017	2	24	0	0	83.136723
2017	2	25	0	0	98.112832
2017	2	26	0	0	90.518999
2017	2	27	0	0	97.362523
2017	2	28	0	0	89.523808
2017	3	1	0	0	82.798883
2017	3	2	0	0	86.547901
2017	3	3	0	0	99.739078
2017	3	4	0.96696	0	99.991804
2017	3	5	0.964002	0	95.66254
2017	3	6	1.985028	0	97.616545
2017	3	7	7.643351	0	94.029572
2017	3	8	0.243985	0	75.674325
2017	3	9	0	0	96.628039
2017	3	10	0	0	96.484523
2017	3	11	0	0	98.250719
2017	3	12	0	0	96.747812
2017	3	13	0	0	92.110717
2017	3	14	0	0	95.739478
2017	3	15	0	0	71.040587
2017	3	16	0	0	91.261826
2017	3	17	0	0	89.764181
2017	3	18	0	0	78.446195
2017	3	19	0	0	82.40262
2017	3	20	0	0	64.675827
2017	3	21	0	0	86.991225
2017	3	22	0	0	90.040933
2017	3	23	0	0	90.863145
2017	3	24	0	0	99.10155
2017	3	25	0	0	99.90812
2017	3	26	0	0	98.006005
2017	3	27	0	0	95.823741
2017	3	28	0	0	95.11489
2017	3	29	0	0	95.176884
2017	3	30	0	0	96.510091
2017	3	31	0.04273	0	90.374522
2017	4	1	2.263258	0	89.71833
2017	4	2	2.645925	0	99.885315
2017	4	3	2.132055	0	98.896877
2017	4	4	4.227587	0	97.619572
2017	4	5	16.467948	0	91.108905
2017	4	6	16.85139	0	83.324134
2017	4	7	19.499139	0	83.185618
2017	4	8	14.531736	0	98.184244
2017	4	9	13.339792	0	95.078063
2017	4	10	0.920671	0	95.449856
2017	4	11	0	0	98.0616
2017	4	12	0	0	99.894692
2017	4	13	0.942895	0	99.286446
2017	4	14	0	0	90.520962
2017	4	15	0	0	98.364643
2017	4	16	0	0	99.645004
2017	4	17	0	0	95.406591
2017	4	18	0	0	84.273687
2017	4	19	0	0	85.994006
2017	4	20	0	0	89.401062
2017	4	21	0	0	77.672347
2017	4	22	0	0	89.065467
2017	4	23	0	0	81.696835
2017	4	24	0	0	71.547438
2017	4	25	0	0	87.590677
2017	4	26	0	0	95.21955
2017	4	27	0	0	96.405033
2017	4	28	9.461351	0	91.771332
2017	4	29	5.073543	0	67.160034
2017	4	30	0	0	83.156094
2017	5	1	7.838574	0	85.562279
2017	5	2	10.360197	0	84.729106
2017	5	3	25.403973	0	91.775802
2017	5	4	43.760528	0	77.966687
2017	5	5	14.551321	0	57.25744
2017	5	6	17.116143	0	60.916464
2017	5	7	2.408198	0	77.963095
2017	5	8	1.6456	0	85.266641
2017	5	9	2.872521	0	90.179517
2017	5	10	0	0	95.044095
2017	5	11	0	0	96.48858
2017	5	12	0.273242	0	97.122105
2017	5	13	0.3925	0	96.721035
2017	5	14	0.337673	0	93.032728
2017	5	15	0.402915	0	73.690012
2017	5	16	2.685794	0	87.383728
2017	5	17	11.946752	0	83.379754
2017	5	18	20.522548	0	73.826798
2017	5	19	44.324448	0	90.230859
2017	5	20	15.850453	0	92.836204
2017	5	21	16.141591	0	88.598504
2017	5	22	8.782381	0	48.976099
2017	5	23	39.339022	0	38.611997
2017	5	24	58.985784	0	35.369601
2017	5	25	42.641022	0	37.050928
2017	5	26	43.403791	0	70.634085
2017	5	27	49.441	0	88.296134
2017	5	28	50.640708	0	76.73349
2017	5	29	58.496708	0	84.71951
2017	5	30	34.635393	0	76.959643
2017	5	31	0	0	39.339453
2017	6	1	0	0	44.363413
2017	6	2	0	0	63.448428
2017	6	3	0.649555	0	69.625996
2017	6	4	0.599327	0	46.426091
2017	6	5	0.105664	0	56.26678
2017	6	6	0	0	65.874132
2017	6	7	0	0	93.366559
2017	6	8	0	0	89.929921
2017	6	9	0	0	97.413827
2017	6	10	0	0	99.795722
2017	6	11	1.805603	0	99.790569
2017	6	12	1.013777	0	99.928118
2017	6	13	3.030427	0	91.136271
2017	6	14	8.847532	0	92.532093
2017	6	15	12.099072	0	89.391488
2017	6	16	29.027988	0	83.703847
2017	6	17	24.601499	0	79.404238
2017	6	18	47.483235	0	66.840931
2017	6	19	36.919645	0	56.30325
2017	6	20	42.376379	0	53.968973
2017	6	21	37.738485	0	52.450721
2017	6	22	56.442126	0	61.418824
2017	6	23	51.43027	0	67.981759
2017	6	24	49.05719	0	64.323685
2017	6	25	39.419747	0	74.601082
2017	6	26	54.320964	0	60.880326
2017	6	27	50.060017	0	51.925063
2017	6	28	32.696502	0	54.728143
2017	6	29	27.823589	0	31.323145
2017	6	30	11.564755	0	36.548556
2017	7	1	0.104575	0	21.076421
2017	7	2	0	0	30.741885
2017	7	3	0	0	44.863273
2017	7	4	0.150662	0	65.781299
2017	7	5	2.574764	0	70.718
2017	7	6	15.770987	0	65.420069
2017	7	7	19.519922	0	58.757437
2017	7	8	13.538723	0	62.790482
2017	7	9	1.28957	0	58.424663
2017	7	10	11.491245	0	64.978375
2017	7	11	22.324404	0	65.274522
2017	7	12	43.979615	0	71.045388
2017	7	13	28.565137	0	84.767663
2017	7	14	27.862085	0.389732	66.39418
2017	7	15	7.268923	0	84.4204
2017	7	16	40.461411	0	82.207265
2017	7	17	21.830192	0	88.840937
2017	7	18	20.161404	0	74.99724
2017	7	19	3.719539	0	59.719492
2017	7	20	9.947463	0	78.111398
2017	7	21	57.014697	0	53.556185
2017	7	22	50.96269	0	12.106049
2017	7	23	10.110137	1.462169	17.274863
2017	7	24	1.137922	0	1.019318
2017	7	25	0	0	0.655925
2017	7	26	2.254197	0	1.108238
2017	7	27	0	0	2.70065
2017	7	28	0	0.0845	2.412828
2017	7	29	0	0	1.91872
2017	7	30	0.131125	0	4.132574
2017	7	31	0	0	1.387468
2017	8	1	0	0	0.705548
2017	8	2	0	0	0.03203
2017	8	3	0	0	0.38045
2017	8	4	0	0	0.087813
2017	8	5	0	0	0
2017	8	6	0	0	1.892428
2017	8	7	0	0	0
2017	8	8	0	0	0
2017	8	9	0	0	0
2017	8	10	0	0	0
2017	8	11	0	0	0
2017	8	12	0	0	0
2017	8	13	0	0	0
2017	8	14	0	0	0
2017	8	15	0	0	0
2017	8	16	0	0	0
2017	8	17	0	0	0
2017	8	18	0	0	0
2017	8	19	0	0	0
2017	8	20	0	0	0
2017	8	21	0	0	0
2017	8	22	0	0	0
2017	8	23	0	0	0
2017	8	24	0	0	0
2017	8	25	0	0	0
2017	8	26	0	0	0
2017	8	27	0	0	0
2017	8	28	0	0	0
2017	8	29	0	0	0
2017	8	30	0	0	0
2017	8	31	0	0	0
2017	9	1	0	0	0
2017	9	2	0	0	0
2017	9	3	0	0	0
2017	9	4	0	0	0
2017	9	5	0	0	0
2017	9	6	0	0	0
2017	9	7	0	0	0
2017	9	8	0	0	0
2017	9	9	0	0	0
2017	9	10	0	0	0
2017	9	11	0	0	0
2017	9	12	0	0	0
2017	9	13	0	0	0
2017	9	14	0	0	0
2017	9	15	0	0	0
2017	9	16	0	0	0
2017	9	17	0	0	0
2017	9	18	0	0	0
2017	9	19	0	0	0
2017	9	20	0	0	0
2017	9	21	0	0	0
2017	9	22	0	0	0
2017	9	23	0	0	0
2017	9	24	0	0	0
2017	9	25	0	0	0
2017	9	26	0	0	0
2017	9	27	0	0	0
2017	9	28	NaN	NaN	NaN
2017	9	29	0	0	0
2017	9	30	0	0	0
2017	10	1	0	0	0
2017	10	2	0	0	0
2017	10	3	0	0	0
2017	10	4	0	0	0
2017	10	5	0	0	0
2017	10	6	0	0	0
2017	10	7	0	0	0
2017	10	8	0	0	0
2017	10	9	0	0	0
2017	10	10	0	0	0
2017	10	11	0	0	0
2017	10	12	0	0	0
2017	10	13	0	0	0
2017	10	14	0	0	0
2017	10	15	0	0	0
2017	10	16	0	0	0
2017	10	17	0	0	0
2017	10	18	0	0	0.493771
2017	10	19	0	0	3.200509
2017	10	20	0	0	37.411432
2017	10	21	0	0	34.596731
2017	10	22	0	0	14.040879
2017	10	23	0	0	39.673838
2017	10	24	0	0	74.504359
2017	10	25	0	0	88.426701
2017	10	26	0	0	91.538369
2017	10	27	0	0	94.545638
2017	10	28	0	0	73.720753
2017	10	29	0	0	51.830561
2017	10	30	0	0	50.811249
2017	10	31	0	0	64.612894
2017	11	1	0	0	75.585927
2017	11	2	0	0	69.743383
2017	11	3	0	0	52.879715
2017	11	4	0	0	37.150218
2017	11	5	0	0	6.858229
2017	11	6	0	0	13.769233
2017	11	7	0	0	13.823563
2017	11	8	0	0	3.689335
2017	11	9	0	0	0
2017	11	10	0	0	1.59012
2017	11	11	0	0	2.369178
2017	11	12	0	0	0.107576
2017	11	13	0	0	1.627839
2017	11	14	0	0	42.172054
2017	11	15	0	0	38.892734
2017	11	16	0	0	17.885053
2017	11	17	0	0	8.262791
2017	11	18	0	0	1.396886
2017	11	19	0	0	0.238571
2017	11	20	0	0	0
2017	11	21	0	0	0
2017	11	22	0	0	0
2017	11	23	0	0	0
2017	11	24	0	0	1.779162
2017	11	25	0	0	2.367924
2017	11	26	0	0	15.484147
2017	11	27	0	0	1.376495
2017	11	28	0	0	1.374357
2017	11	29	0	0	0
2017	11	30	0	0	4.055923
2017	12	1	0	0	2.024517
2017	12	2	0	0	0
2017	12	3	0	0	40.802314
2017	12	4	0	0	19.187423
2017	12	5	0	0	0.812326
2017	12	6	0	0	0.593532
2017	12	7	0	0	0
2017	12	8	0	0	0
2017	12	9	0	0	0
2017	12	10	0	0	0
2017	12	11	0	0	2.010535
2017	12	12	0	0	5.73442
2017	12	13	0	0	20.187088
2017	12	14	0	0	15.225404
2017	12	15	0	0	22.391776
2017	12	16	0	0	38.872615
2017	12	17	0	0	63.99323
2017	12	18	0	0	56.908135
2017	12	19	0	0	45.010444
2017	12	20	0	0	87.988023
2017	12	21	0	0	42.954916
2017	12	22	0	0	0.680889
2017	12	23	0	0	0
2017	12	24	0	0	0
2017	12	25	0	0	0
2017	12	26	0	0	0
2017	12	27	0	0	0
2017	12	28	0	0	0
2017	12	29	0	0	0
2017	12	30	0	0	0
2017	12	31	0	0	0
2018	1	1	0	0	0
2018	1	2	0	0	0
2018	1	3	0	0	0
2018	1	4	0	0	0
2018	1	5	0	0	0
2018	1	6	0	0	0
2018	1	7	0	0	0
2018	1	8	0	0	0
2018	1	9	0	0	0
2018	1	10	0	0	0
2018	1	11	0	0	0
2018	1	12	0	0	1.074271
2018	1	13	0	0	0.697497
2018	1	14	0	0	0.273188
2018	1	15	0	0	0
2018	1	16	0	0	0
2018	1	17	0	0	0
2018	1	18	0	0	0
2018	1	19	0	0	0
2018	1	20	0	0	0
2018	1	21	0	0	0
2018	1	22	0	0	0.762718
2018	1	23	0	0	28.484005
2018	1	24	0	0	21.120713
2018	1	25	0	0	3.829533
2018	1	26	0	0	41.097966
2018	1	27	0	0	53.614986
2018	1	28	0	0	62.953235
2018	1	29	0	0	66.847891
2018	1	30	0	0	90.614308
2018	1	31	0	0	68.759198
2018	2	1	0	0	33.102424
2018	2	2	0	0	42.929748
2018	2	3	0	0	32.424365
2018	2	4	0	0	26.71975
2018	2	5	0	0	60.888477
2018	2	6	0	0	6.84355
2018	2	7	0	0	21.843457
2018	2	8	0	0	80.876429
2018	2	9	0	0	81.865104
2018	2	10	0	0	61.108399
2018	2	11	0	0	74.863893
2018	2	12	0	0	65.587902
2018	2	13	0	0	72.859843
2018	2	14	0	0	48.635136
2018	2	15	0	0	29.323196
2018	2	16	0	0	5.633402
2018	2	17	0	0	2.09031
2018	2	18	0	0	15.559233
2018	2	19	0	0	27.071955
2018	2	20	0	0	10.10709
2018	2	21	0	0	7.773255
2018	2	22	0	0	2.175413
2018	2	23	0	0	1.69503
2018	2	24	0	0	0
2018	2	25	0	0	0
2018	2	26	0	0	0
2018	2	27	0	0	0
2018	2	28	0	0	6.847649
2018	3	1	0	0	16.893437
2018	3	2	0	0	20.82027
2018	3	3	0	0	16.263225
2018	3	4	0	0	30.74592
2018	3	5	0	0	52.129955
2018	3	6	0	0	73.385979
2018	3	7	0	0	78.939393
2018	3	8	0	0	81.32837
2018	3	9	0	0	74.917099
2018	3	10	0	0	95.464902
2018	3	11	0	0	97.789578
2018	3	12	0	0	98.666796
2018	3	13	0	0	90.929884
2018	3	14	0	0	92.455621
2018	3	15	0	0	78.473761
2018	3	16	0	0	95.974359
2018	3	17	0	0	52.004869
2018	3	18	0	0	34.579442
2018	3	19	0	0	0.419997
2018	3	20	0	0	0.312985
2018	3	21	0	0	0
2018	3	22	0	0	0
2018	3	23	0	0	0
2018	3	24	0	0	0
2018	3	25	0	0	0
2018	3	26	0	0	0.054226
2018	3	27	0	0	3.08888
2018	3	28	0	0	0.154058
2018	3	29	0	0	9.679689
2018	3	30	0	0	17.090298
2018	3	31	0	0	32.199634
2018	4	1	0	0	60.941874
2018	4	2	0	0	33.639283
2018	4	3	0	0	23.591383
2018	4	4	0	0	31.710255
2018	4	5	0	0	11.403401
2018	4	6	0	0	16.226865
2018	4	7	0	0	20.054785
2018	4	8	0	0	17.613146
2018	4	9	0	0	7.399857
2018	4	10	0	0	22.607071
2018	4	11	0	0	34.807477
2018	4	12	0	0	86.704096
2018	4	13	0	0	66.891307
2018	4	14	0	0	87.75899
2018	4	15	0	0	97.654786
2018	4	16	0	0	97.899198
2018	4	17	0	0	78.069579
2018	4	18	0	0	81.020306
2018	4	19	0	0	73.978734
2018	4	20	0	0	77.586668
2018	4	21	0	0	66.098246
2018	4	22	0	0	82.342257
2018	4	23	0	0	92.433902
2018	4	24	0	0	85.283387
2018	4	25	0	0	59.66893
2018	4	26	0	0	29.428017
2018	4	27	0	0	32.680775
2018	4	28	0	0	44.500686
2018	4	29	0	0	54.162202
2018	4	30	0	0	33.447521
2018	5	1	0	0	36.735324
2018	5	2	0	0	31.193067
2018	5	3	0	0	34.743748
2018	5	4	0	0	4.340584
2018	5	5	0	0	0
2018	5	6	0	0	0
2018	5	7	0	0	0
2018	5	8	0	0	0
2018	5	9	0	0	0.210286
2018	5	10	0	0	5.570178
2018	5	11	0	0	19.894947
2018	5	12	0	0	0
2018	5	13	0	0	14.077266
2018	5	14	0	0	18.219532
2018	5	15	0	0	15.567597
2018	5	16	0	0	3.277352
2018	5	17	0	0	3.726152
2018	5	18	0	0	0
2018	5	19	0	0	0
2018	5	20	0	0	0
2018	5	21	0	0	0
2018	5	22	0	0	0
2018	5	23	0	0	0
2018	5	24	0	0	0
2018	5	25	0	0	0
2018	5	26	0	0	0
2018	5	27	0	0	0
2018	5	28	0	0	0.419207
2018	5	29	0	0	0
2018	5	30	0	0	0.302771
2018	5	31	0	0	0
2018	6	1	0	0	0
2018	6	2	0	0	0.306023
2018	6	3	0	0	0
2018	6	4	0	0	0
2018	6	5	0	0	0.52579
2018	6	6	0	0	0.209286
2018	6	7	0	0	1.213876
2018	6	8	0	0	0.871564
2018	6	9	0	0	11.345578
2018	6	10	0	0	0.264244
2018	6	11	0	0	0
2018	6	12	0	0	2.698873
2018	6	13	0	0	2.924591
2018	6	14	0	0	7.96351
2018	6	15	0	0	3.863515
2018	6	16	0	0	0
2018	6	17	0	0	0
2018	6	18	0	0	2.318169
2018	6	19	0	0	0.34262
2018	6	20	0	0	15.297239
2018	6	21	0	0	35.14952
2018	6	22	0	0	62.038802
2018	6	23	0	0	66.97065
2018	6	24	0	0	37.434077
2018	6	25	0	0	21.888629
2018	6	26	0	0	18.72712
2018	6	27	0	0	13.851664
2018	6	28	0	0	18.618614
2018	6	29	0	0	3.357697
2018	6	30	0	0	1.025756
2018	7	1	0	0	8.206886
2018	7	2	0	0	4.266896
2018	7	3	0	0	10.162737
2018	7	4	0	0	8.386281
2018	7	5	0	0	16.352553
2018	7	6	0	0	28.257878
2018	7	7	0	0	40.214627
2018	7	8	0	0	30.885749
2018	7	9	0	0	52.615172
2018	7	10	0	0	65.22502
2018	7	11	0	0	49.721404
2018	7	12	0	0	62.245609
2018	7	13	0	0	43.76123
2018	7	14	0	0	34.49323
2018	7	15	0	0	24.435611
2018	7	16	0	0	6.888273
2018	7	17	0	0	18.543392
2018	7	18	0	0	33.620098
2018	7	19	0	0	3.821419
2018	7	20	0	0	0
2018	7	21	0	0	1.678595
2018	7	22	0	0	2.814713
2018	7	23	0	0	0
2018	7	24	0	0	0
2018	7	25	0	0	0
2018	7	26	0	0	0
2018	7	27	0	0	0
2018	7	28	0	0	0
2018	7	29	0	0	0
2018	7	30	0	0	0.969535
2018	7	31	0	0	1.214189
2018	8	1	0	0	2.497715
2018	8	2	0	0	0
2018	8	3	0	0	0
2018	8	4	0	0	1.197247
2018	8	5	0	0	7.277498
2018	8	6	0	0	38.443581
2018	8	7	0	0	31.977489
2018	8	8	0	0	40.662395
2018	8	9	0	0	29.175244
2018	8	10	0	0	18.350982
2018	8	11	0	0	13.39419
2018	8	12	0	0	33.880184
2018	8	13	0	0	31.909799
2018	8	14	0	0	37.452187
2018	8	15	0	0	29.581639
2018	8	16	0	0	4.154531
2018	8	17	0	0	0
2018	8	18	0	0	0
2018	8	19	0	0	10.397988
2018	8	20	0	0	23.333488
2018	8	21	0	0	21.015394
2018	8	22	0	0	13.889486
2018	8	23	0	0	5.836295
2018	8	24	0	0	32.354287
2018	8	25	0	0	21.416585
2018	8	26	0	0	22.184187
2018	8	27	0	0	1.643614
2018	8	28	0	0	0.117093
2018	8	29	0	0	0
2018	8	30	0	0	0
2018	8	31	0	0	0.401311
2018	9	1	0	0	0
2018	9	2	0	0	0
2018	9	3	0	0	0
2018	9	4	0	0	0
2018	9	5	0	0	0
2018	9	6	0	0	0
2018	9	7	0	0	0
2018	9	8	0	0	0
2018	9	9	0	0	1.466395
2018	9	10	0	0	0.368656
2018	9	11	0	0	0
2018	9	12	0	0	2.436974
2018	9	13	0	0	7.891935
2018	9	14	0	0	21.371854
2018	9	15	0	0	5.449856
2018	9	16	0	0	12.260851
2018	9	17	0	0	13.894996
2018	9	18	0	0	28.658173
2018	9	19	0	0	45.648953
2018	9	20	0	0	66.373559
2018	9	21	0	0	72.553191
2018	9	22	0	0	43.109383
2018	9	23	0	0	13.45756
2018	9	24	0	0	32.56252
2018	9	25	0	0	70.987366
2018	9	26	0	0	94.974155
2018	9	27	0	0	96.690396
2018	9	28	0	0	95.770277
2018	9	29	0	0	98.021044
2018	9	30	0	0	99.233867
2018	10	1	0	0	99.656904
2018	10	2	0	0	99.704396
2018	10	3	0	0	100
2018	10	4	0	0	99.753989
2018	10	5	0	0	99.567383
2018	10	6	0	0	96.963403
2018	10	7	0	0	96.677952
2018	10	8	0	0	99.29533
2018	10	9	0	0	99.394683
2018	10	10	0	0	99.948573
2018	10	11	0	0	99.9938
2018	10	12	0	0	99.904042
2018	10	13	0	0	100
2018	10	14	0	0	99.882364
2018	10	15	0	0	99.999194
2018	10	16	0	0	99.99058
2018	10	17	0	0	100
2018	10	18	0	0	99.969524
2018	10	19	0	0	99.691061
2018	10	20	0	0	100
2018	10	21	0	0	93.5551
2018	10	22	0	0	99.679007
2018	10	23	0	0	99.034128
2018	10	24	0	0	99.595384
2018	10	25	0	0	99.977718
2018	10	26	0	0	99.831675
2018	10	27	0	0	99.771041
2018	10	28	0	0	99.810016
2018	10	29	0	0	98.276755
2018	10	30	0	0	98.687246
2018	10	31	0	0	99.767449
2018	11	1	0	0	97.864266
2018	11	2	0	0	97.115479
2018	11	3	0	0	95.668416
2018	11	4	0	0	97.454143
2018	11	5	0	0	99.660974
2018	11	6	0	0	99.596134
2018	11	7	0	0	99.973673
2018	11	8	0	0	99.733752
2018	11	9	0	0	99.693822
2018	11	10	0	0	98.640805
2018	11	11	0	0	95.684501
2018	11	12	0	0	99.820205
2018	11	13	0	0	100
2018	11	14	0	0	99.865863
2018	11	15	0	0	99.615624
2018	11	16	0	0	99.791775
2018	11	17	0	0	98.54605
2018	11	18	0	0	99.820953
2018	11	19	0	0	95.582302
2018	11	20	0	0	98.349423
2018	11	21	0	0	99.504416
2018	11	22	0	0	99.076706
2018	11	23	0	0	96.82235
2018	11	24	0	0	97.987537
2018	11	25	0	0	99.357184
2018	11	26	0	0	99.771456
2018	11	27	0	0	93.104959
2018	11	28	0	0	99.303235
2018	11	29	0	0	98.505775
2018	11	30	0	0	96.008075
2018	12	1	0	0	98.621349
2018	12	2	0	0	99.64417
2018	12	3	0	0	89.659756
2018	12	4	0	0	70.691363
2018	12	5	0	0	73.320191
2018	12	6	0	0	86.028514
2018	12	7	0	0	87.808666
2018	12	8	0	0	99.889246
2018	12	9	0	0	99.784673
2018	12	10	0	0	98.096482
2018	12	11	0	0	97.729626
2018	12	12	0	0	96.523906
2018	12	13	0	0	97.37082
2018	12	14	0	0	92.383735
2018	12	15	0	0	93.292856
2018	12	16	0	0	94.030739
2018	12	17	0	0	97.91009
2018	12	18	0	0	99.49461
2018	12	19	0	0	98.279212
2018	12	20	0	0	100
2018	12	21	0	0	99.951584
2018	12	22	0	0	98.021892
2018	12	23	0	0	99.314797
2018	12	24	0	0	98.977353
2018	12	25	0	0	98.299604
2018	12	26	0	0	99.565829
2018	12	27	0	0	99.698803
2018	12	28	0	0	99.353786
2018	12	29	0	0	97.726401
2018	12	30	0	0	99.802836
2018	12	31	0	0	100
2019	1	1	0	0	99.906707
2019	1	2	0	0	99.611318
2019	1	3	0	0	96.286465
2019	1	4	0	0	95.700942
2019	1	5	0	0	97.563201
2019	1	6	0	0	91.761543
2019	1	7	0	0	90.797716
2019	1	8	0	0	98.38657
2019	1	9	0	0	96.120576
2019	1	10	0.243245	0	98.074973
2019	1	11	0	0	94.087753
2019	1	12	0	0	93.554727
2019	1	13	0	0	97.168289
2019	1	14	0	0	94.151892
2019	1	15	0	0	96.01961
2019	1	16	0	0	97.359037
2019	1	17	0	0	88.800794
2019	1	18	0	0	91.852228
2019	1	19	0	0	94.671613
2019	1	20	0	0	99.876849
2019	1	21	0	0	98.764387
2019	1	22	0	0	95.691077
2019	1	23	0	0	98.079537
2019	1	24	0	0	99.462451
2019	1	25	0	0	98.441551
2019	1	26	0	0	98.649955
2019	1	27	0	0	98.735066
2019	1	28	0	0	99.816434
2019	1	29	0	0	98.891751
2019	1	30	0	0	96.926734
2019	1	31	0	0	97.157892
2019	2	1	0	0	99.802885
2019	2	2	0	0	99.982771
2019	2	3	0	0	99.834381
2019	2	4	0	0	99.901864
2019	2	5	0	0	97.532818
2019	2	6	0	0	96.523789
2019	2	7	0	0	98.349755
2019	2	8	0	0	93.974967
2019	2	9	0	0	89.421459
2019	2	10	0	0	93.360976
2019	2	11	0	0	95.775941
2019	2	12	0	0	99.244094
2019	2	13	0	0	99.688976
2019	2	14	0	0	98.565307
2019	2	15	0	0	99.468003
2019	2	16	0	0	95.652757
2019	2	17	0	0	95.333092
2019	2	18	0	0	96.264227
2019	2	19	0	0	99.791181
2019	2	20	0	0	99.954587
2019	2	21	2.064372	0	100
2019	2	22	0.003104	0	100
2019	2	23	0	0	99.328024
2019	2	24	0	0	92.911474
2019	2	25	0	0	97.881827
2019	2	26	0	0	98.308987
2019	2	27	0	0	98.430884
2019	2	28	0	0	93.943041
2019	3	1	0	0	92.829695
2019	3	2	0	0	96.857928
2019	3	3	0	0	90.085926
2019	3	4	0	0	97.334908
2019	3	5	0	0	92.478685
2019	3	6	0	0	95.3772
2019	3	7	0	0	96.087509
2019	3	8	0	0	97.011593
2019	3	9	0	0	90.297927
2019	3	10	0	0	92.503426
2019	3	11	0	0	80.343628
2019	3	12	0	0	88.914683
2019	3	13	0	0	97.08097
2019	3	14	0	0	97.835916
2019	3	15	0	0	91.66724
2019	3	16	0	0	85.18001
2019	3	17	0	0	91.19724
2019	3	18	0	0	93.661596
2019	3	19	0	0	93.087438
2019	3	20	0	0	97.508728
2019	3	21	0	0	95.905813
2019	3	22	0	0	97.405651
2019	3	23	0	0	90.820384
2019	3	24	0	0	96.072639
2019	3	25	0	0	91.286932
2019	3	26	0	0	96.532162
2019	3	27	0	0	92.942299
2019	3	28	0	0	97.596768
2019	3	29	0	0	93.604527
2019	3	30	0	0	93.50911
2019	3	31	0	0	97.921212
2019	4	1	0	0	97.662364
2019	4	2	0	0	88.604195
2019	4	3	0	0	91.342837
2019	4	4	0	0	99.205509
2019	4	5	0	0	88.73512
2019	4	6	0	0	95.901637
2019	4	7	0	0	96.184965
2019	4	8	0	0	99.479125
2019	4	9	0.205119	0	97.724799
2019	4	10	1.311868	0	98.578476
2019	4	11	0	0	99.747517
2019	4	12	0	0	99.479287
2019	4	13	0	0	99.934066
2019	4	14	0.347467	0	99.559784
2019	4	15	12.660023	0	99.914678
2019	4	16	20.361841	0	98.304831
2019	4	17	16.290556	0	92.572521
2019	4	18	46.67578	0	98.930468
2019	4	19	22.862676	0	87.019171
2019	4	20	23.144183	0	91.99025
2019	4	21	0	0	56.735929
2019	4	22	0	0	77.009806
2019	4	23	0	0	93.172587
2019	4	24	0	0	94.839871
2019	4	25	0	0	98.699976
2019	4	26	0	0	99.928371
2019	4	27	0	0	100
2019	4	28	0	0	97.596159
2019	4	29	0	0	97.433308
2019	4	30	0	0	82.960251
2019	5	1	0	0	90.52634
2019	5	2	0	0	83.502109
2019	5	3	0	0	88.494141
2019	5	4	0	0	96.771329
2019	5	5	0	0	96.445229
2019	5	6	0	0	99.420784
2019	5	7	0	0	96.771177
2019	5	8	0	0	94.701031
2019	5	9	0	0	81.523973
2019	5	10	0	0	92.532957
2019	5	11	0	0	89.768026
2019	5	12	0	0	93.964473
2019	5	13	0	0	95.488419
2019	5	14	0	0	82.625267
2019	5	15	0.386821	0	85.947474
2019	5	16	4.879419	0	94.985839
2019	5	17	1.775271	0	96.722469
2019	5	18	0	0	93.657797
2019	5	19	0.587458	0	98.816912
2019	5	20	0	0	88.495759
2019	5	21	0	0	68.008875
2019	5	22	0	0	71.480564
2019	5	23	0	0	59.279919
2019	5	24	1.300359	0	67.228659
2019	5	25	1.302162	0	79.114399
2019	5	26	0	0	89.949525
2019	5	27	0	0	77.035486
2019	5	28	0	0	61.9041
2019	5	29	0	0	83.647797
2019	5	30	0	0	87.510776
2019	5	31	0	0	60.170194
2019	6	1	0	0	31.975696
2019	6	2	0	0	61.683379
2019	6	3	0	0	54.240629
2019	6	4	0	0	68.888508
2019	6	5	0	0	72.990912
2019	6	6	1.337787	0	84.845956
2019	6	7	0.689422	0	90.535293
2019	6	8	11.670683	0	92.095281
2019	6	9	3.933591	0	87.503761
2019	6	10	6.905429	0	88.238231
2019	6	11	15.385136	0	97.572227
2019	6	12	15.561278	0	97.19557
2019	6	13	61.399246	0	85.681061
2019	6	14	28.346376	0	51.02281
2019	6	15	34.322551	0	88.971314
2019	6	16	36.169238	0.507814	91.815545
2019	6	17	13.2149	0.766279	97.15426
2019	6	18	26.723522	0.082721	98.541077
2019	6	19	37.413211	4.220896	91.878615
2019	6	20	33.1234	3.969412	90.189179
2019	6	21	76.171112	7.397669	98.335922
2019	6	22	67.433454	2.478826	97.873765
2019	6	23	71.912314	0.974423	97.970811
2019	6	24	86.559485	0	91.112102
2019	6	25	75.593897	0	78.197879
2019	6	26	82.019843	0	91.776014
2019	6	27	92.551177	0	95.395357
2019	6	28	51.812814	0	81.987681
2019	6	29	23.110643	0	78.995647
2019	6	30	0	0	81.243569
2019	7	1	0	0	96.117176
2019	7	2	0	0	99.350166
2019	7	3	0	0	91.293003
2019	7	4	0	0	95.170801
2019	7	5	0	0	91.805278
2019	7	6	0	0	100
2019	7	7	0	0	99.991106
2019	7	8	0	0	93.176239
2019	7	9	0	0	88.69819
2019	7	10	0	0	81.9265
2019	7	11	0	0	90.06674
2019	7	12	0	0	87.783087
2019	7	13	0	0	83.068747
2019	7	14	0	0	78.867862
2019	7	15	0	0	83.330401
2019	7	16	0	0	97.229048
2019	7	17	0	0	89.990503
2019	7	18	0	0	74.684422
2019	7	19	0	0	62.557566
2019	7	20	0	0	64.769029
2019	7	21	0	0	64.531126
2019	7	22	0	0	60.39477
2019	7	23	0	0	81.342881
2019	7	24	0	0	56.153175
2019	7	25	0	0	57.670083
2019	7	26	0	0	84.346785
2019	7	27	0	0	69.74326
2019	7	28	0	0	79.903241
2019	7	29	0	0	97.97477
2019	7	30	0	0	61.410746
2019	7	31	0	0	56.7246
2019	8	1	0	0	74.59618
2019	8	2	0	0	65.145109
2019	8	3	0	0	65.889131
2019	8	4	0	0	88.472533
2019	8	5	0	0	61.167438
2019	8	6	0	0	64.90708
2019	8	7	0	0	77.368086
2019	8	8	0	0	60.727533
2019	8	9	0	0	61.053673
2019	8	10	0	0	64.82327
2019	8	11	0	0	76.831413
2019	8	12	0	0	81.424843
2019	8	13	0	0	66.197046
2019	8	14	0	0	82.090471
2019	8	15	0	0	73.650425
2019	8	16	0	0	71.776207
2019	8	17	0	0	87.085537
2019	8	18	0	0	66.59108
2019	8	19	0	0	82.024624
2019	8	20	0	0	67.398027
2019	8	21	0	0	47.235948
2019	8	22	0	0	39.617561
2019	8	23	0	0	17.938442
2019	8	24	0	0	13.459039
2019	8	25	0	0	24.934721
2019	8	26	0	0	37.32153
2019	8	27	0	0	16.66523
2019	8	28	0	0	21.880542
2019	8	29	0	0	2.287874
2019	8	30	0	0	16.864117
2019	8	31	0	0	0
2019	9	1	0	0	13.799656
2019	9	2	0	0	6.95464
2019	9	3	0	0	46.273517
2019	9	4	0	0	80.961338
2019	9	5	0	0	94.834796
2019	9	6	0	0	90.696902
2019	9	7	0	0	66.243044
2019	9	8	0	0	24.413763
2019	9	9	0	0	22.326407
2019	9	10	0	0	89.141038
2019	9	11	0	0	81.818818
2019	9	12	0	0	77.976206
2019	9	13	0	0	97.081852
2019	9	14	0	0	87.138662
2019	9	15	0	0	77.728109
2019	9	16	0	0	40.40644
2019	9	17	0	0	26.450983
2019	9	18	0	0	59.102228
2019	9	19	0	0	61.005877
2019	9	20	0	0	85.716565
2019	9	21	0	0	86.981348
2019	9	22	0	0	98.356228
2019	9	23	0	0	97.617634
2019	9	24	0	0	88.506525
2019	9	25	0	0	90.113018
2019	9	26	0	0	95.165235
2019	9	27	0	0	85.780021
2019	9	28	0	0	92.018802
2019	9	29	0	0	90.579793
2019	9	30	0	0	92.363844
2019	10	1	0	0	96.587302
2019	10	2	0	0	95.250957
2019	10	3	0	0	95.457422
2019	10	4	0	0	92.890179
2019	10	5	0	0	90.285814
2019	10	6	0	0	95.381919
2019	10	7	0	0	99.590367
2019	10	8	0	0	94.874591
2019	10	9	0	0	93.039182
2019	10	10	0	0	99.901685
2019	10	11	0	0	92.518821
2019	10	12	0	0	97.020348
2019	10	13	0	0	98.033719
2019	10	14	0	0	98.804195
2019	10	15	0	0	98.647916
2019	10	16	0	0	98.592516
2019	10	17	0	0	99.062431
2019	10	18	0	0	98.452231
2019	10	19	0	0	98.618943
2019	10	20	0	0	99.118966
2019	10	21	0.221442	0	99.950245
2019	10	22	0	0	99.996441
2019	10	23	0	0	99.963706
2019	10	24	0	0	99.979963
2019	10	25	0	0	99.935386
2019	10	26	0.64103	0	99.995185
2019	10	27	0.02576	0	99.970188
2019	10	28	0	0	100
2019	10	29	0	0	100
2019	10	30	0	0	99.953861
2019	10	31	0	0	99.930704
2019	11	1	0	0	98.918633
2019	11	2	0	0	97.318667
2019	11	3	0	0	95.380091
2019	11	4	0	0	98.093101
2019	11	5	0	0	98.564236
2019	11	6	0	0	97.368198
2019	11	7	0	0	98.652472
2019	11	8	0	0	99.533789
2019	11	9	0	0	100
2019	11	10	0	0	99.931975
2019	11	11	0	0	99.775179
2019	11	12	0	0	99.962126
2019	11	13	0	0	99.821115
2019	11	14	0	0	99.756897
2019	11	15	0	0	99.658361
2019	11	16	0	0	97.151139
2019	11	17	0	0	90.435858
2019	11	18	0	0	76.632233
2019	11	19	0	0	68.637404
2019	11	20	0	0	74.864602
2019	11	21	0	0	76.304515
2019	11	22	0	0	95.758705
2019	11	23	1.625611	0	86.611439
2019	11	24	1.509442	0	99.711159
2019	11	25	25.63321	0	100
2019	11	26	9.05641	0	100
2019	11	27	2.036992	0	98.718456
2019	11	28	0	0	99.82123
2019	11	29	0	0	99.516971
2019	11	30	0	0	99.855608
2019	12	1	0	0	99.769995
2019	12	2	0	0	99.893388
2019	12	3	0	0	99.050187
2019	12	4	0	0	97.458664
2019	12	5	0	0	98.210769
2019	12	6	0	0	98.32555
2019	12	7	0	0	95.094468
2019	12	8	0	0	95.455408
2019	12	9	0	0	97.972022
2019	12	10	0	0	98.137835
2019	12	11	0	0	99.624143
2019	12	12	0	0	98.340979
2019	12	13	0	0	99.607321
2019	12	14	0	0	98.141052
2019	12	15	0	0	94.723597
2019	12	16	0	0	99.08021
2019	12	17	0	0	99.022807
2019	12	18	0	0	99.721131
2019	12	19	0	0	99.739829
2019	12	20	0	0	99.970636
2019	12	21	0	0	99.961426
2019	12	22	0	0	99.83254
2019	12	23	0	0	98.14344
2019	12	24	0	0	99.072249
2019	12	25	0	0	98.636504
2019	12	26	0	0	99.473973
2019	12	27	0	0	98.579719
2019	12	28	0	0	98.483794
2019	12	29	0	0	99.491577
2019	12	30	0	0	99.910557
2019	12	31	0	0	99.738363
2020	1	1	0	0	98.824342
2020	1	2	0	0	98.134452
2020	1	3	0	0	97.810094
2020	1	4	0	0	97.681142
2020	1	5	0	0	98.013381
2020	1	6	0	0	99.659523
2020	1	7	0	0	99.8536
2020	1	8	0	0	100
2020	1	9	0	0	98.944002
2020	1	10	0	0	99.237219
2020	1	11	0	0	99.709614
2020	1	12	0	0	99.848329
2020	1	13	0	0	98.877566
2020	1	14	0	0	98.668321
2020	1	15	0	0	98.942909
2020	1	16	0	0	99.90142
2020	1	17	0	0	98.444182
2020	1	18	0	0	99.066475
2020	1	19	0	0	97.86921
2020	1	20	0	0	98.319574
2020	1	21	0	0	95.761331
2020	1	22	0	0	95.618345
2020	1	23	0	0	98.810656
2020	1	24	0	0	93.945391
2020	1	25	0	0	99.932797
2020	1	26	0	0	99.236627
2020	1	27	0	0	98.028362
2020	1	28	0	0	88.308077
2020	1	29	0	0	81.371221
2020	1	30	0	0	94.342549
2020	1	31	0	0	85.676614
2020	2	1	0	0	94.068583
2020	2	2	0	0	96.089355
2020	2	3	0	0	98.367335
2020	2	4	0	0	98.048765
2020	2	5	0	0	97.47273
2020	2	6	0	0	99.061902
2020	2	7	0	0	99.575386
2020	2	8	0	0	97.88202
2020	2	9	0	0	99.792885
2020	2	10	0	0	93.05594
2020	2	11	0	0	94.051988
2020	2	12	0	0	92.656026
2020	2	13	0	0	95.653131
2020	2	14	0	0	99.397443
2020	2	15	0	0	99.932674
2020	2	16	0	0	99.929803
2020	2	17	0	0	96.008337
2020	2	18	0	0	95.218348
2020	2	19	0	0	98.630657
2020	2	20	0	0	99.450287
2020	2	21	0	0	99.795258
2020	2	22	0	0	100
2020	2	23	0	0	99.772903
2020	2	24	0	0	99.504364
2020	2	25	0.246478	0	99.645169
2020	2	26	2.276436	0	99.045307
2020	2	27	1.444689	0	98.017239
2020	2	28	1.985524	0	98.581671
2020	2	29	4.409198	0	99.894976
2020	3	1	7.927224	0	100
2020	3	2	10.599564	0	99.991405
2020	3	3	40.762814	0	100
2020	3	4	23.177568	0	99.997282
2020	3	5	22.662947	0	99.470155
2020	3	6	0	0	99.673216
2020	3	7	0	0	99.927251
2020	3	8	0	0	99.592731
2020	3	9	0.012163	1.105418	99.036576
2020	3	10	5.419069	0	99.201641
2020	3	11	7.344095	0.810539	99.364774
2020	3	12	30.825671	13.923708	99.673501
2020	3	13	14.610076	15.397092	96.67301
2020	3	14	16.578908	14.755192	99.982118
2020	3	15	22.766623	15.094978	99.2792
2020	3	16	40.967504	10.654525	95.824833
2020	3	17	30.682855	6.810824	98.80797
2020	3	18	33.886525	20.346241	99.720859
2020	3	19	53.93546	18.814513	100
2020	3	20	32.044138	37.345394	100
2020	3	21	53.639478	56.273909	99.978955
2020	3	22	63.822239	45.498437	99.721279
2020	3	23	64.37373	9.112513	99.788228
2020	3	24	56.561655	42.921851	99.562056
2020	3	25	91.938711	42.001821	98.860651
2020	3	26	72.533374	19.462105	99.673366
2020	3	27	78.988221	15.151289	98.047945
2020	3	28	82.28431	10.565507	98.919299
2020	3	29	76.744235	20.021126	99.386273
2020	3	30	89.086882	17.398287	99.953516
2020	3	31	93.10962	19.168781	98.698684
2020	4	1	96.001095	14.330825	99.125865
2020	4	2	76.505195	26.963448	97.494904
2020	4	3	61.87107	24.891986	93.303044
2020	4	4	71.500957	8.748672	94.067943
2020	4	5	52.410842	0	93.426415
2020	4	6	55.023059	2.300869	98.536587
2020	4	7	42.540382	1.129577	99.71935
2020	4	8	55.99699	0.156676	99.792929
2020	4	9	85.072834	0.869825	99.775659
2020	4	10	81.389578	0.570178	99.899384
2020	4	11	70.907573	0.762453	99.665956
2020	4	12	65.354155	1.023962	99.789146
2020	4	13	79.041699	5.302139	99.890789
2020	4	14	36.423337	0	99.185708
2020	4	15	0	0	96.883417
2020	4	16	0	0	86.288673
2020	4	17	0	0	90.055574
2020	4	18	0	0	89.943743
2020	4	19	2.691864	0	93.887926
2020	4	20	9.928985	0	81.677703
2020	4	21	2.030744	0	86.493234
2020	4	22	21.265706	0	92.612178
2020	4	23	60.857933	0	95.549834
2020	4	24	33.999168	0	99.771169
2020	4	25	10.3729	0	95.61711
2020	4	26	0	0	96.094276
2020	4	27	21.051745	0	99.989015
2020	4	28	50.472147	0	99.714734
2020	4	29	52.882642	0	98.503003
2020	4	30	49.808794	0	99.786963
2020	5	1	22.313766	0	99.548404
2020	5	2	18.698741	0	99.953625
2020	5	3	8.938978	0	99.999271
2020	5	4	16.891812	0	99.916742
2020	5	5	8.013708	0	99.593476
2020	5	6	0	0	98.080484
2020	5	7	0	0	96.537545
2020	5	8	0	0	95.572505
2020	5	9	0	0	95.01648
2020	5	10	0	0	98.065198
2020	5	11	0	0	97.252938
2020	5	12	0.027582	0	98.655856
2020	5	13	0.992093	0	99.542647
2020	5	14	0	0	90.844155
2020	5	15	0	0	99.866989
2020	5	16	0	0	85.000455
2020	5	17	0	0	93.777749
2020	5	18	0	0	94.485228
2020	5	19	0	0	90.848226
2020	5	20	6.727802	0	78.250879
2020	5	21	43.174764	0	79.937051
2020	5	22	38.674189	0	95.116348
2020	5	23	44.684488	0	94.239158
2020	5	24	30.109445	0	97.257678
2020	5	25	14.639765	0	99.655264
2020	5	26	0	0	99.984915
2020	5	27	0	0	97.672039
2020	5	28	0	0	93.456854
2020	5	29	0	0	91.32983
2020	5	30	0	0	89.196103
2020	5	31	0	0	99.860625
2020	6	1	0	0	97.766356
2020	6	2	0	0	91.798013
2020	6	3	0	0	67.870656
2020	6	4	0	0	66.401971
2020	6	5	0	0	57.975936
2020	6	6	0	0	49.438138
2020	6	7	0	0	64.339032
2020	6	8	0	0	75.265227
2020	6	9	0	0	96.465426
2020	6	10	3.564907	0	85.831365
2020	6	11	8.60473	0	75.246273
2020	6	12	30.867685	0	72.168605
2020	6	13	44.463381	0	69.653519
2020	6	14	14.335355	0	74.235022
2020	6	15	17.3426	0	72.917409
2020	6	16	7.927495	0	83.584827
2020	6	17	14.284879	0	72.726687
2020	6	18	41.963573	0	84.237918
2020	6	19	36.838405	0	74.346255
2020	6	20	6.529509	0	68.328753
2020	6	21	5.790766	0	85.012324
2020	6	22	7.0596	0.45481	85.753041
2020	6	23	2.70854	7.527096	96.723577
2020	6	24	0	1.084773	98.822862
2020	6	25	0	0	85.06849
2020	6	26	0.56736	3.273802	88.16734
2020	6	27	18.3162	8.498374	81.760662
2020	6	28	32.766703	4.848409	63.081515
2020	6	29	45.493244	0	82.81207
2020	6	30	39.172937	0	82.966133
2020	7	1	11.08777	0	93.043555
2020	7	2	0.030694	0	92.949338
2020	7	3	0	0	99.385906
2020	7	4	0	0	90.675071
2020	7	5	0	0	79.525434
2020	7	6	0	0	92.790602
2020	7	7	0	0	98.151215
2020	7	8	0	0	99.639562
2020	7	9	0	0	98.238191
2020	7	10	0	0	97.007897
2020	7	11	0	0	98.366241
2020	7	12	0	0	88.105011
2020	7	13	0	0	91.999233
2020	7	14	0	0	84.490737
2020	7	15	0	0	81.879615
2020	7	16	0	0	71.103754
2020	7	17	0	0	79.538866
2020	7	18	0	0	91.103753
2020	7	19	0	0	93.68823
2020	7	20	0	0	81.63598
2020	7	21	0	0	82.909615
2020	7	22	0	0	84.665298
2020	7	23	0	0	94.770588
2020	7	24	0	0	90.169209
2020	7	25	0	0	94.001731
2020	7	26	0	0	90.948676
2020	7	27	0	0	87.514346
2020	7	28	0	0	98.460434
2020	7	29	0	0	94.482958
2020	7	30	0	0	78.409978
2020	7	31	0	0	93.072767
2020	8	1	0	0	68.489096
2020	8	2	0	0	57.21102
2020	8	3	0	0	22.399844
2020	8	4	0	0	36.769311
2020	8	5	0	0	30.463048
2020	8	6	0	0	26.276248
2020	8	7	0	0	49.331387
2020	8	8	0	0	60.66885
2020	8	9	0	0	59.615524
2020	8	10	0	0	69.121975
2020	8	11	0	0	42.847341
2020	8	12	0	0	57.700924
2020	8	13	0	0	37.483017
2020	8	14	0	0	57.702935
2020	8	15	0	0	65.159174
2020	8	16	0	0	78.375866
2020	8	17	0	0	52.527622
2020	8	18	0	0	62.902584
2020	8	19	0	0	48.343998
2020	8	20	0	0	24.347196
2020	8	21	0	0	0.469836
2020	8	22	0	0	0
2020	8	23	0	0	2.333775
2020	8	24	0	0	4.675139
2020	8	25	0	0	2.5324
2020	8	26	0	0	6.785704
2020	8	27	0	0	17.390663
2020	8	28	0	0	15.022012
2020	8	29	0	0	88.397264
2020	8	30	0	0	35.222495
2020	8	31	0	0	49.733321
2020	9	1	0	0	21.872198
2020	9	2	0	0	49.986974
2020	9	3	0	0	69.418388
2020	9	4	0	0	60.377832
2020	9	5	0	0	48.029039
2020	9	6	0	0	36.705568
2020	9	7	0	0	36.901967
2020	9	8	0	0	46.74994
2020	9	9	0	0	51.04652
2020	9	10	0	0	65.39513
2020	9	11	0	0	92.447516
2020	9	12	0	0	49.224853
2020	9	13	0	0	14.054726
2020	9	14	0	0	7.700888
2020	9	15	0	0	24.421275
2020	9	16	0	0	13.062905
2020	9	17	0	0	10.897451
2020	9	18	0	0	42.327697
2020	9	19	0	0	46.817138
2020	9	20	0	0	76.328375
2020	9	21	0	0	93.22189
2020	9	22	0	0	92.182973
2020	9	23	0	0	74.945364
2020	9	24	0	0	93.443647
2020	9	25	0	0	85.633668
2020	9	26	0	0	91.163877
2020	9	27	0	0	98.064958
2020	9	28	0	0	99.576111
2020	9	29	0	0	97.874255
2020	9	30	0	0	99.314843
2020	10	1	0	0	94.78493
2020	10	2	0	0	99.656813
2020	10	3	0	0	97.953859
2020	10	4	0	0	99.972505
2020	10	5	0	0	97.921013
2020	10	6	0	0	99.228987
2020	10	7	0	0	99.649105
2020	10	8	0	0	99.172645
2020	10	9	0	0	93.454025
2020	10	10	0	0	96.053671
2020	10	11	0	0	97.464843
2020	10	12	0	0	98.593362
2020	10	13	0	0	95.899615
2020	10	14	0	0	99.645036
2020	10	15	0	0	99.984119
2020	10	16	0	0	98.411675
2020	10	17	0	0	99.47151
2020	10	18	0	0	98.871902
2020	10	19	0	0	99.840168
2020	10	20	0	0	99.66251
2020	10	21	0	0	98.979159
2020	10	22	0	0	98.307358
2020	10	23	0	0	98.655052
2020	10	24	0	0	96.340771
2020	10	25	0	0	93.051634
2020	10	26	0	0	96.636914
2020	10	27	0	0	97.846667
2020	10	28	0	0	98.992256
2020	10	29	0	0	96.66337
2020	10	30	0	0	99.691887
2020	10	31	0	0	94.102712
2020	11	1	0	0	89.445073
2020	11	2	0	0	99.972029
2020	11	3	0	0	99.495361
2020	11	4	0	0	96.109182
2020	11	5	0	0	97.892301
2020	11	6	0.127162	0	96.609483
2020	11	7	0	0	100
2020	11	8	0	0	96.333494
2020	11	9	0	0	97.244514
2020	11	10	0	0	98.060275
2020	11	11	0	0	89.131296
2020	11	12	0	0	94.951497
2020	11	13	0	0	92.441332
2020	11	14	0	0	95.690226
2020	11	15	0	0	98.933349
2020	11	16	0	0	96.701295
2020	11	17	0	0	99.111511
2020	11	18	0	0	94.689452
2020	11	19	0	0	89.862897
2020	11	20	0	0	97.782936
2020	11	21	0	0	99.777673
2020	11	22	0	0	98.073785
2020	11	23	0	0	99.450185
2020	11	24	0	0	99.223408
2020	11	25	0	0	96.347083
2020	11	26	0.185068	0	98.346404
2020	11	27	0	0	95.889396
2020	11	28	0	0	95.44835
2020	11	29	0.021371	0	92.936734
2020	11	30	16.552549	0	96.102371
2020	12	1	5.459065	0	98.606146
2020	12	2	2.269819	0	99.768029
2020	12	3	0	0	96.367175
2020	12	4	0	0	96.205942
2020	12	5	0	0	98.927841
2020	12	6	0	0	98.607297
2020	12	7	0	0	96.621487
2020	12	8	0	0	99.487844
2020	12	9	0.297552	0	99.936035
2020	12	10	0	0	99.906521
2020	12	11	0	0	99.950947
2020	12	12	0	0	100
2020	12	13	0.062951	0	100
2020	12	14	0	0	97.223684
2020	12	15	0	0	97.289747
2020	12	16	0	0	94.140713
2020	12	17	0	0	98.902434
2020	12	18	0	0	97.663747
2020	12	19	0	0	99.887326
2020	12	20	0	0	99.875534
2020	12	21	0	0	98.363986
2020	12	22	0	0	99.910289
2020	12	23	0	0	99.27382
2020	12	24	0	0	99.22991
2020	12	25	0	0	97.699305
2020	12	26	0	0	99.868506
2020	12	27	0	0	99.191926
2020	12	28	0	0	99.992928
2020	12	29	0	0	99.99915
2020	12	30	0	0	98.686191
2020	12	31	0	0	99.225662
2021	1	1	0	0	98.60125
2021	1	2	0	0	98.314335
2021	1	3	0	0	98.775974
2021	1	4	0	0	98.80249
2021	1	5	0	0	92.429262
2021	1	6	0	0	98.654663
2021	1	7	0	0	99.456979
2021	1	8	0	0	99.002768
2021	1	9	0	0	96.595951
2021	1	10	0	0	99.273532
2021	1	11	0	0	99.366551
2021	1	12	0	0	99.013302
2021	1	13	0	0	96.057201
2021	1	14	0	0	90.359438
2021	1	15	0	0	96.6616
2021	1	16	0	0	99.759359
2021	1	17	0	0	97.159327
2021	1	18	0	0	87.558122
2021	1	19	0	0	95.598514
2021	1	20	0	0	96.975798
2021	1	21	0	0	93.870795
2021	1	22	0	0	93.897306
2021	1	23	0	0	90.814188
2021	1	24	0	0	91.541147
2021	1	25	0	0	92.643396
2021	1	26	0	0	92.909493
2021	1	27	0	0	96.506905
2021	1	28	0	0	97.263535
2021	1	29	0	0	97.420806
2021	1	30	0	0	92.864036
2021	1	31	0	0	98.046624
2021	2	1	0	0	93.709916
2021	2	2	0	0	93.437971
2021	2	3	0	0	94.193874
2021	2	4	0	0	84.678837
2021	2	5	6.895628	0	96.263899
2021	2	6	8.923034	0	93.577048
2021	2	7	12.644553	0	97.944563
2021	2	8	1.958213	0	96.539631
2021	2	9	21.964434	0	92.065772
2021	2	10	23.133548	0	90.49741
2021	2	11	1.343184	0	93.927806
2021	2	12	1.211999	0	97.079637
2021	2	13	2.313269	0	97.565131
2021	2	14	4.428255	0	99.36271
2021	2	15	4.184401	0	99.972318
2021	2	16	0	0	100
2021	2	17	0	0	100
2021	2	18	0	0	99.818025
2021	2	19	0	0	98.168261
2021	2	20	0	0	95.161309
2021	2	21	0	0	92.028162
2021	2	22	0	0	95.103678
2021	2	23	0	0	99.994939
2021	2	24	0	0	100
2021	2	25	0	0	98.431362
2021	2	26	0	0	91.238843
2021	2	27	0.631354	0	94.547964
2021	2	28	7.094003	0	99.7333
2021	3	1	7.584927	0	99.935594
2021	3	2	11.950151	0	96.489815
2021	3	3	2.871268	0	96.855534
2021	3	4	15.027773	0	98.997274
2021	3	5	45.354858	0	99.210935
2021	3	6	13.102022	0	92.797358
2021	3	7	0	0	98.911085
2021	3	8	0	0	99.973354
2021	3	9	0.70263	0	100
2021	3	10	5.591761	0	99.92386
2021	3	11	0	0	98.439817
2021	3	12	0	0	97.698839
2021	3	13	0	0	97.30391
2021	3	14	0	0	98.029893
2021	3	15	0	0	98.771723
2021	3	16	0	0	99.428621
2021	3	17	0	0	98.492243
2021	3	18	0	0	97.516437
2021	3	19	0	0	95.782688
2021	3	20	0	0	82.871762
2021	3	21	0	0	79.735026
2021	3	22	0	0	94.801855
2021	3	23	0	0	97.781609
2021	3	24	0	0	94.156065
2021	3	25	0	0	95.526583
2021	3	26	0	0	97.000126
2021	3	27	0	0	91.571088
2021	3	28	0	0	99.094391
2021	3	29	0	0	97.076887
2021	3	30	0	0	99.25096
2021	3	31	0	0	87.752922
2021	4	1	0	0	75.573991
2021	4	2	0	0	79.521958
2021	4	3	0	0	92.565225
2021	4	4	0	0	91.565294
2021	4	5	0	0	81.716204
2021	4	6	0	0	77.949479
2021	4	7	0	0	70.755281
2021	4	8	0	0	90.79405
2021	4	9	0	0	91.049683
2021	4	10	0	0	84.161302
2021	4	11	0	0	82.899425
2021	4	12	0	0	82.443748
2021	4	13	0	0	83.901898
2021	4	14	0	0	88.076138
2021	4	15	0	0	89.305406
2021	4	16	0	0	79.213758
2021	4	17	0	0	88.371587
2021	4	18	0	0	68.806017
2021	4	19	0	0	86.61871
2021	4	20	0	0	89.756644
2021	4	21	0	0	88.139785
2021	4	22	0	0	86.10268
2021	4	23	0	0	66.885982
2021	4	24	0	0	83.471363
2021	4	25	0	0	90.431607
2021	4	26	0	0	84.364118
2021	4	27	0	0	77.73851
2021	4	28	0	0	71.837158
2021	4	29	0	0	80.064618
2021	4	30	0	0	83.017048
2021	5	1	0	0	81.4696
2021	5	2	0	0	82.744131
2021	5	3	0	0	74.304852
2021	5	4	0	0	79.286166
2021	5	5	0	0	59.451309
2021	5	6	0	0	71.673111
2021	5	7	0	0	77.263366
2021	5	8	0	0	97.2868
2021	5	9	0	0	93.040742
2021	5	10	0	0	88.690886
2021	5	11	0	0	69.100409
2021	5	12	0	0	78.598484
2021	5	13	0	0	78.953613
2021	5	14	0	0	83.212207
2021	5	15	0	0	72.236685
2021	5	16	0	0	75.350028
2021	5	17	0	0	74.133019
2021	5	18	6.510243	0	92.584108
2021	5	19	20.59785	0	91.095997
2021	5	20	61.9817	0	90.299796
2021	5	21	29.829432	0	85.142857
2021	5	22	9.72447	0	49.396679
2021	5	23	15.793159	0	53.621755
2021	5	24	11.791021	0	54.442674
2021	5	25	50.321799	0	78.24485
2021	5	26	35.259693	2.634701	84.083049
2021	5	27	71.722141	2.660759	83.230721
2021	5	28	60.981978	0	73.310827
2021	5	29	46.069965	1.1561	69.452174
2021	5	30	67.815052	3.482726	61.730769
2021	5	31	49.501404	0.406268	76.287014
2021	6	1	36.427358	0	58.719415
2021	6	2	2.092138	0	76.754158
2021	6	3	0	0	41.658248
2021	6	4	0	0	33.742661
2021	6	5	23.943556	0	25.113268
2021	6	6	53.590514	0	21.453793
2021	6	7	43.026774	0	12.473227
2021	6	8	25.349667	3.894749	17.645745
2021	6	9	36.995182	0	62.035222
2021	6	10	32.068324	0	56.074451
2021	6	11	35.241186	0.080872	44.948527
2021	6	12	34.680947	0	52.006463
2021	6	13	49.839892	0	53.122888
2021	6	14	1.853469	0	54.665618
2021	6	15	0.67042	0	53.314887
2021	6	16	1.537471	0	76.64655
2021	6	17	9.202362	0	64.073825
2021	6	18	9.46872	0	50.549092
2021	6	19	10.253446	0	56.138817
2021	6	20	8.49567	0	55.199891
2021	6	21	10.809537	0	59.052032
2021	6	22	1.233748	0	37.191222
2021	6	23	0	0	39.833119
2021	6	24	0	0	41.54686
2021	6	25	0	0	32.620733
2021	6	26	0.133502	0	69.895592
2021	6	27	0.459359	0	64.951694
2021	6	28	0	0	32.746941
2021	6	29	0	0	47.657772
2021	6	30	0	0	84.042329
2021	7	1	0	0	88.504048
2021	7	2	0	0	25.032355
2021	7	3	0	0	11.131654
2021	7	4	0	0	10.311638
2021	7	5	0	0	16.433896
2021	7	6	0	0	49.681112
2021	7	7	0	0	79.153149
2021	7	8	0	0	76.489251
2021	7	9	0	0	77.317701
2021	7	10	0	0	42.27406
2021	7	11	0	0	27.291811
2021	7	12	0	0	22.465083
2021	7	13	0	0	19.296739
2021	7	14	0.894845	0	37.885501
2021	7	15	1.403617	0	37.488025
2021	7	16	0	0	27.890104
2021	7	17	7.29818	0	8.875298
2021	7	18	0	0	27.477625
2021	7	19	0	0	66.639215
2021	7	20	0	0	52.647742
2021	7	21	0	0	55.929688
2021	7	22	0	0	30.314681
2021	7	23	0	0	5.194912
2021	7	24	0	0	2.538695
2021	7	25	0	0	7.957313
2021	7	26	0	0	10.622915
2021	7	27	0	0	4.140062
2021	7	28	0	0	0.140441
2021	7	29	0	0	2.591412
2021	7	30	0	0	0.993608
2021	7	31	0	0	18.646744
2021	8	1	0	0	11.873931
2021	8	2	0	0	36.451607
2021	8	3	0	0	69.965716
2021	8	4	0	0	78.760571
2021	8	5	0	0	87.365384
2021	8	6	0	0	57.506439
2021	8	7	0	0	61.533329
2021	8	8	0	0	65.224513
2021	8	9	0	0	66.454474
2021	8	10	0	0	21.976845
2021	8	11	0	0	42.585671
2021	8	12	0	0	0
2021	8	13	0	0	0.373923
2021	8	14	0	0	24.771095
2021	8	15	0	0	20.598422
2021	8	16	0	0	24.197104
2021	8	17	0	0	14.235378
2021	8	18	0	0	0.046913
2021	8	19	0	0	2.152296
2021	8	20	0	0	3.454124
2021	8	21	0	0	1.272751
2021	8	22	0	0	4.746107
2021	8	23	0	0	6.213854
2021	8	24	0	0	8.814948
2021	8	25	0	0	6.537428
2021	8	26	0	0	4.937833
2021	8	27	0	0	8.77639
2021	8	28	0	0	1.468698
2021	8	29	0	0	0
2021	8	30	0	0	0
2021	8	31	0	0	13.930099
2021	9	1	0	0	0.942704
2021	9	2	0	0	0
2021	9	3	0	0	0
2021	9	4	0	0	0
2021	9	5	0	0	0
2021	9	6	0	0	0
2021	9	7	0	0	0
2021	9	8	0	0	0
2021	9	9	0	0	0
2021	9	10	0	0	0
2021	9	11	0	0	0
2021	9	12	0	0	0
2021	9	13	0	0	0
2021	9	14	0	0	0
2021	9	15	0	0	0
2021	9	16	0	0	0
2021	9	17	0	0	0
2021	9	18	0	0	0
2021	9	19	0	0	0
2021	9	20	0	0	0
2021	9	21	0	0	0
2021	9	22	0	0	0
2021	9	23	0	0	0
2021	9	24	0	0	0
2021	9	25	0	0	0
2021	9	26	0	0	0
2021	9	27	0	0	69.52577
2021	9	28	0	0	81.395815
2021	9	29	0	0	88.090042
2021	9	30	0	0	95.089062
2021	10	1	0	0	82.772049
2021	10	2	0	0	88.564145
2021	10	3	0	0	36.716881
2021	10	4	0	0	47.623231
2021	10	5	0	0	81.878241
2021	10	6	0	0	87.914669
2021	10	7	0	0	78.167607
2021	10	8	0	0	85.929781
2021	10	9	0	0	95.26785
2021	10	10	0	0	93.01912
2021	10	11	0	0	84.756984
2021	10	12	0	0	84.950129
2021	10	13	0	0	93.03992
2021	10	14	0	0	89.732669
2021	10	15	0	0	94.947782
2021	10	16	0	0	99.618647
2021	10	17	0	0	96.921047
2021	10	18	0	0	95.057916
2021	10	19	0	0	86.103921
2021	10	20	0	0	93.725542
2021	10	21	0	0	92.786978
2021	10	22	0	0	85.804353
2021	10	23	0	0	78.865835
2021	10	24	0	0	85.770961
2021	10	25	0	0	74.701768
2021	10	26	0	0	86.518534
2021	10	27	0	0	93.17877
2021	10	28	0	0	73.447821
2021	10	29	0	0	93.225559
2021	10	30	0	0	96.237271
2021	10	31	0	0	99.236274
2021	11	1	0	0	99.359035
2021	11	2	0	0	99.129675
2021	11	3	0	0	95.504362
2021	11	4	0	0	95.407244
2021	11	5	0	0	97.6649
2021	11	6	0	0	100
2021	11	7	0	0	98.870317
2021	11	8	0	0	99.997618
2021	11	9	0	0	99.781898
2021	11	10	0	0	97.840559
2021	11	11	0	0	98.999155
2021	11	12	0	0	99.103392
2021	11	13	0	0	97.585574
2021	11	14	0	0	98.137914
2021	11	15	0	0	99.316532
2021	11	16	0	0	99.888951
2021	11	17	0	0	99.906419
2021	11	18	0	0	99.874309
2021	11	19	0	0	100
2021	11	20	0	0	99.306247
2021	11	21	0	0	99.221929
2021	11	22	0	0	96.759382
2021	11	23	0	0	99.373307
2021	11	24	0	0	99.66325
2021	11	25	0	0	99.549725
2021	11	26	0	0	96.565851
2021	11	27	0	0	94.933477
2021	11	28	0	0	95.846958
2021	11	29	0	0	94.166391
2021	11	30	0	0	91.543391
2021	12	1	0	0	98.095086
2021	12	2	0	0	93.602181
2021	12	3	0	0	95.764654
2021	12	4	0	0	86.596248
2021	12	5	0	0	91.622556
2021	12	6	0	0	95.445155
2021	12	7	0	0	69.481857
2021	12	8	0	0	85.623006
2021	12	9	0	0	95.685064
2021	12	10	0	0	73.525103
2021	12	11	0	0	73.66311
2021	12	12	0	0	79.81498
2021	12	13	0	0	85.540217
2021	12	14	0	0	90.196964
2021	12	15	0	0	85.485531
2021	12	16	0	0	93.61382
2021	12	17	0	0	97.896515
2021	12	18	0	0	99.53724
2021	12	19	0	0	95.566377
2021	12	20	0	0	100
2021	12	21	0	0	99.98536
2021	12	22	0	0	99.995376
2021	12	23	0	0	99.994719
2021	12	24	0	0	99.719276
2021	12	25	0	0	99.467078
2021	12	26	0	0	99.657085
2021	12	27	0	0	99.873307
2021	12	28	0	0	99.6566
2021	12	29	0	0	98.815766
2021	12	30	1.148177	0	98.23741
2021	12	31	7.027739	0	98.585352
2022	1	1	0.258631	0	98.233996
2022	1	2	0	0	96.930001
2022	1	3	0	0	92.39165
2022	1	4	0	0	93.581311
2022	1	5	0	0	96.66511
2022	1	6	0	0	92.729837
2022	1	7	0	0	98.436852
2022	1	8	0	0	96.142548
2022	1	9	0	0	96.499285
2022	1	10	0	0	97.339989
2022	1	11	0	0	93.386795
2022	1	12	0	0	90.134225
2022	1	13	0	0	99.560554
2022	1	14	0	0	97.351735
2022	1	15	0	0	98.59825
2022	1	16	0	0	97.243306
2022	1	17	0	0	97.222523
2022	1	18	0	0	92.551442
2022	1	19	0	0	95.864796
2022	1	20	0	0	94.38419
2022	1	21	0	0	99.677936
2022	1	22	0	0	92.399167
2022	1	23	0	0	95.987539
2022	1	24	0	0	94.960732
2022	1	25	0	0	96.070925
2022	1	26	0	0	98.168925
2022	1	27	0	0	99.250796
2022	1	28	0	0	99.964522
2022	1	29	0	0	99.743275
2022	1	30	0	0	98.795918
2022	1	31	0	0	97.903354
2022	2	1	0	0	99.14985
2022	2	2	0	0	99.696196
2022	2	3	0	0	98.776414
2022	2	4	0	0	99.402599
2022	2	5	0	0	96.646241
2022	2	6	0	0	96.956131
2022	2	7	0	0	97.459548
2022	2	8	0	0	98.669631
2022	2	9	0	0	99.250118
2022	2	10	0	0	97.503186
2022	2	11	0	0	97.671246
2022	2	12	0	0	97.483119
2022	2	13	0	0	98.748064
2022	2	14	0	0	99.730807
2022	2	15	0	0	99.784317
2022	2	16	2.911145	0	99.997921
2022	2	17	0.735991	0	99.89187
2022	2	18	0	0	98.813349
2022	2	19	0	0	98.52187
2022	2	20	0	0	98.870609
2022	2	21	0	0	97.065386
2022	2	22	0	0	97.645954
2022	2	23	0	0	98.747524
2022	2	24	0	0	98.731346
2022	2	25	0	0	99.428452
2022	2	26	0.352193	0	99.180107
2022	2	27	0	0	99.993861
2022	2	28	1.150045	0	99.959938
2022	3	1	0	0	100
2022	3	2	0.102328	0	100
2022	3	3	4.819009	0	100
2022	3	4	1.691773	0	100
2022	3	5	0.6521	0	99.944669
2022	3	6	0	0	99.872619
2022	3	7	0	0	99.940457
2022	3	8	0	0	99.896653
2022	3	9	0	0	98.793879
2022	3	10	0.931515	0	94.054943
2022	3	11	0	0	95.584683
2022	3	12	1.723645	0	99.751962
2022	3	13	0	0	99.805205
2022	3	14	0	0	75.135305
2022	3	15	0	0	88.949974
2022	3	16	0	0	59.405255
2022	3	17	0	0	63.938121
2022	3	18	14.315157	0	62.646755
2022	3	19	0.08711	0	93.00719
2022	3	20	6.780917	0	93.479498
2022	3	21	0	0	93.54514
2022	3	22	0	0	82.535733
2022	3	23	0	0	94.362273
2022	3	24	0	0	99.426116
2022	3	25	0	0	98.715148
2022	3	26	0	0	99.399617
2022	3	27	0	0	97.847403
2022	3	28	0	0	97.697915
2022	3	29	0	0	98.194835
2022	3	30	0	0	98.102324
2022	3	31	0	0	93.435061
2022	4	1	0	0	95.024106
2022	4	2	0	0	97.379035
2022	4	3	0	0	97.301285
2022	4	4	0	0	92.544818
2022	4	5	0	0	86.817065
2022	4	6	0	0	98.700095
2022	4	7	0	0	89.644788
2022	4	8	0	0	84.619903
2022	4	9	0	0	89.541252
2022	4	10	0	0	95.621521
2022	4	11	0	0	97.066477
2022	4	12	0	0	91.370499
2022	4	13	0	0	85.715265
2022	4	14	0	0	93.293052
2022	4	15	0	0	84.39672
2022	4	16	0	0	92.512717
2022	4	17	0	0	96.164409
2022	4	18	0	0	96.553629
2022	4	19	0	0	98.791581
2022	4	20	0	0	93.758321
2022	4	21	0	0	96.164619
2022	4	22	0	0	91.765959
2022	4	23	0	0	91.921376
2022	4	24	0	0	86.382197
2022	4	25	0	0	75.351541
2022	4	26	0	0	97.687285
2022	4	27	0.472022	0	86.67355
2022	4	28	6.151851	0	92.854911
2022	4	29	2.978873	0	89.635117
2022	4	30	2.403086	0	91.831284
2022	5	1	1.91929	0	83.782426
2022	5	2	12.479549	0	81.925328
2022	5	3	16.435775	0.033344	75.702409
2022	5	4	2.499963	0	84.734098
2022	5	5	7.229124	0	79.077411
2022	5	6	13.906706	0	93.423667
2022	5	7	1.456521	0	84.593894
2022	5	8	53.476912	0	75.736467
2022	5	9	11.475859	4.534376	92.521997
2022	5	10	12.35806	4.168678	95.440585
2022	5	11	19.514134	1.648204	91.407063
2022	5	12	10.83313	0	91.191962
2022	5	13	0	0	70.206815
2022	5	14	0.470584	0	95.040313
2022	5	15	14.790476	0	97.222919
2022	5	16	14.184021	0	97.013716
2022	5	17	19.446059	0	97.187136
2022	5	18	44.904724	0	94.595934
2022	5	19	36.753013	0	97.07788
2022	5	20	49.388314	0	87.848783
2022	5	21	40.72365	0	85.807044
2022	5	22	35.433834	0	86.361558
2022	5	23	27.493607	0	79.549248
2022	5	24	2.325063	0	89.28173
2022	5	25	0	0	90.432657
2022	5	26	0	0	88.322894
2022	5	27	0	0	99.340964
2022	5	28	0	0	87.808087
2022	5	29	5.299399	0	77.538346
2022	5	30	3.860107	0	82.680802
2022	5	31	11.529736	0	87.36692
2022	6	1	1.740885	0	93.424416
2022	6	2	3.407817	0	80.49998
2022	6	3	0.318827	0	77.694808
2022	6	4	1.111614	0	94.523654
2022	6	5	6.930332	0	85.093774
2022	6	6	1.312561	0	98.339913
2022	6	7	2.299245	0	86.042024
2022	6	8	0	0	91.946507
2022	6	9	0	0	96.681053
2022	6	10	0	0	88.374807
2022	6	11	0.234739	0	86.159266
2022	6	12	0.351918	0	87.043127
2022	6	13	8.736851	0	94.65475
2022	6	14	36.25839	0	95.881
2022	6	15	48.435736	0	95.800167
2022	6	16	56.605174	0	92.725655
2022	6	17	47.205712	0	99.947408
2022	6	18	23.892515	0	94.097063
2022	6	19	13.867308	0	97.729332
2022	6	20	12.381423	0	89.30148
2022	6	21	2.914821	0	94.648323
2022	6	22	0	0	91.324241
2022	6	23	0	0	95.768556
2022	6	24	0	0	96.740834
2022	6	25	0.08696	0	96.56941
2022	6	26	0	0	96.107067
2022	6	27	0	0	95.889138
2022	6	28	0	0	95.670099
2022	6	29	0	0	95.339655
2022	6	30	0	0	88.2856
2022	7	1	0	0	94.884952
2022	7	2	0	0	89.396016
2022	7	3	0	0	71.073272
2022	7	4	0	0	65.392135
2022	7	5	0	0	73.065998
2022	7	6	0	0	88.910481
2022	7	7	0	0	74.59026
2022	7	8	0	0	74.409052
2022	7	9	0	0	63.572466
2022	7	10	3.922804	0	62.55529
2022	7	11	9.694878	0	64.139919
2022	7	12	0	0	72.776568
2022	7	13	0	0	88.661946
2022	7	14	0	0	98.482558
2022	7	15	0	0	97.158685
2022	7	16	0	0	99.463206
2022	7	17	0	0	99.410053
2022	7	18	0	0	99.443753
2022	7	19	0	0	93.906221
2022	7	20	0	0	92.155211
2022	7	21	0	0	86.659614
2022	7	22	0	0	89.982579
2022	7	23	0	0	52.471839
2022	7	24	0	0	69.582164
2022	7	25	0	0	57.533097
2022	7	26	0	0	57.709181
2022	7	27	0	0	57.554991
2022	7	28	0	0	72.743828
2022	7	29	0	0	83.279977
2022	7	30	0	0	80.240906
2022	7	31	0	0	96.84003
2022	8	1	0	0	80.730101
2022	8	2	0	0	68.863394
2022	8	3	0	0	66.153811
2022	8	4	0	0	67.271046
2022	8	5	0	0	67.072843
2022	8	6	0	0	52.889553
2022	8	7	0	0	80.643661
2022	8	8	0	0	32.112697
2022	8	9	0	0	60.600013
2022	8	10	0	0	94.615365
2022	8	11	0	0	93.789877
2022	8	12	0	0	92.941871
2022	8	13	0	0	89.92913
2022	8	14	0	0	92.566423
2022	8	15	0	0	91.779427
2022	8	16	0	0	97.001761
2022	8	17	0	0	96.827505
2022	8	18	0	0	90.177157
2022	8	19	0	0	89.252881
2022	8	20	0	0	65.00095
2022	8	21	0	0	70.715794
2022	8	22	0	0	96.557792
2022	8	23	0	0	87.544661
2022	8	24	0	0	88.127072
2022	8	25	0	0	95.404158
2022	8	26	0	0	99.105227
2022	8	27	0	0	98.208191
2022	8	28	0	0	95.833342
2022	8	29	0	0	99.454536
2022	8	30	0	0	97.278067
2022	8	31	0	0	98.618577
2022	9	1	0	0	100
2022	9	2	0	0	98.873843
2022	9	3	0	0	95.725242
2022	9	4	2.4197	0	92.153357
2022	9	5	0.090591	0	68.275486
2022	9	6	0	0	75.215746
2022	9	7	0.027126	0	55.370522
2022	9	8	0	0	68.066916
2022	9	9	0	0	65.207541
2022	9	10	0	0	74.079625
2022	9	11	0	0	58.804368
2022	9	12	3.829852	0	81.798749
2022	9	13	0	0	81.481784
2022	9	14	0	0	94.324865
2022	9	15	0.124045	0	95.155818
2022	9	16	0.690464	0	89.118743
2022	9	17	0	0	92.745197
2022	9	18	0	0	92.721232
2022	9	19	0	0	90.880143
2022	9	20	0	0	92.046741
2022	9	21	0	0	79.641048
2022	9	22	0	0	99.693272
2022	9	23	0	0	42.57851
2022	9	24	0	0	17.328908
2022	9	25	0	0	49.69885
2022	9	26	0	0	99.703647
2022	9	27	0	0	99.544272
2022	9	28	0	0	100
2022	9	29	0	0	100
2022	9	30	0	0	100
2022	10	1	0	0	99.94791
2022	10	2	0	0	99.969068
2022	10	3	0	0	100
2022	10	4	0	0	100
2022	10	5	0	0	94.809656
2022	10	6	0	0	88.18045
2022	10	7	0	0	84.543168
2022	10	8	0	0	98.167933
2022	10	9	0	0	95.769115
2022	10	10	0	0	90.510606
2022	10	11	0	0	99.925805
2022	10	12	0	0	98.835341
2022	10	13	0	0	99.378032
2022	10	14	0	0	98.207185
2022	10	15	0	0	96.947839
2022	10	16	0	0	86.779228
2022	10	17	0	0	87.266082
2022	10	18	0	0	83.218194
2022	10	19	0	0	71.487344
2022	10	20	0	0	68.744164
2022	10	21	0	0	67.996344
2022	10	22	0	0	82.856176
2022	10	23	0	0	90.73859
2022	10	24	0	0	86.972812
2022	10	25	0	0	93.040775
2022	10	26	0	0	92.186062
2022	10	27	0	0	94.702917
2022	10	28	0	0	98.692611
2022	10	29	0	0	98.611327
2022	10	30	0	0	99.180359
2022	10	31	0	0	96.349971
2022	11	1	0	0	98.067658
2022	11	2	0	0	94.366854
2022	11	3	0	0	96.237717
2022	11	4	0	0	96.243465
2022	11	5	0	0	98.217934
2022	11	6	0	0	96.714381
2022	11	7	0	0	96.798457
2022	11	8	0	0	98.597723
2022	11	9	0	0	99.819024
2022	11	10	0	0	99.94442
2022	11	11	0	0	99.612245
2022	11	12	0	0	99.83328
2022	11	13	0	0	99.979985
2022	11	14	0	0	99.90244
2022	11	15	0	0	97.377644
2022	11	16	0	0	98.998506
2022	11	17	0	0	99.796727
2022	11	18	0	0	99.977575
2022	11	19	0	0	99.98501
2022	11	20	0	0	100
2022	11	21	0	0	99.654758
2022	11	22	0	0	99.487434
2022	11	23	0	0	97.072084
2022	11	24	0	0	99.848815
2022	11	25	0	0	99.947731
2022	11	26	0	0	100
2022	11	27	0	0	100
2022	11	28	0	0	100
2022	11	29	0	0	99.245535
2022	11	30	0	0	99.225664
2022	12	1	0	0	97.005538
2022	12	2	0	0	96.88132
2022	12	3	0	0	83.234272
2022	12	4	0	0	90.774967
2022	12	5	0	0	81.193736
2022	12	6	0	0	83.227242
2022	12	7	0	0	99.081592
2022	12	8	0	0	97.788841
2022	12	9	0	0	94.368429
2022	12	10	0	0	99.195733
2022	12	11	0	0	99.920852
2022	12	12	0	0	99.67757
2022	12	13	0	0	99.675334
2022	12	14	0	0	99.878674
2022	12	15	0	0	99.070773
2022	12	16	0	0	94.33071
2022	12	17	0	0	96.851969
2022	12	18	0	0	98.01471
2022	12	19	0	0	98.229056
2022	12	20	0	0	98.811632
2022	12	21	0	0	99.6297
2022	12	22	0	0	97.067319
2022	12	23	0	0	96.726867
2022	12	24	0.084785	0	96.251735
2022	12	25	0	0	99.899079
2022	12	26	0	0	98.501726
2022	12	27	0	0	90.780524
2022	12	28	0	0	99.592747
2022	12	29	0	0	96.536857
2022	12	30	0	0	97.422944
2022	12	31	0	0	98.360045
2023	1	1	0	0	99.170369
2023	1	2	0	0	98.630302
2023	1	3	0	0	95.008411
2023	1	4	0	0	97.843844
2023	1	5	0	0	95.770329
2023	1	6	0	0	90.16111
2023	1	7	0	0	98.740409
2023	1	8	0	0	96.351119
2023	1	9	0	0	99.533372
2023	1	10	0	0	92.992279
2023	1	11	0.815099	0	89.751697
2023	1	12	0.066919	0	90.080027
2023	1	13	0	0	96.317601
2023	1	14	0	0	95.927255
2023	1	15	0	0	97.132714
2023	1	16	0	0	88.852193
2023	1	17	0	0	90.461469
2023	1	18	0	0	91.691848
2023	1	19	0	0	96.593506
2023	1	20	0	0	98.429604
2023	1	21	0	0	97.297884
2023	1	22	0	0	93.896445
2023	1	23	0	0	92.241776
2023	1	24	4.386433	0	89.16866
2023	1	25	0	0	81.821487
2023	1	26	0	0	79.367619
2023	1	27	0	0	88.766438
2023	1	28	0	0	90.735575
2023	1	29	0	0	98.398867
2023	1	30	0	0	98.681907
2023	1	31	0	0	99.064381
2023	2	1	0	0	98.64932
2023	2	2	0	0	97.634596
2023	2	3	0	0	98.79657
2023	2	4	0	0	99.992074
2023	2	5	0	0	98.522906
2023	2	6	0	0	97.377991
2023	2	7	0	0	92.525975
2023	2	8	0	0	89.367059
2023	2	9	0	0	89.441583
2023	2	10	0	0	91.20354
2023	2	11	0	0	98.502603
2023	2	12	0	0	97.252545
2023	2	13	0	0	95.842479
2023	2	14	0	0	95.333262
2023	2	15	0	0	80.389162
2023	2	16	0	0	90.145375
2023	2	17	0	0	91.655996
2023	2	18	0	0	89.75939
2023	2	19	0	0	93.868685
2023	2	20	0	0	91.198822
2023	2	21	0.062757	0	90.584117
2023	2	22	2.748544	0	96.544557
2023	2	23	0	0	87.470993
2023	2	24	0	0	85.183475
2023	2	25	0	0	92.510831
2023	2	26	0	0	87.579988
2023	2	27	4.776206	0	93.112552
2023	2	28	0	0	95.402083
2023	3	1	8.852664	0	98.680197
2023	3	2	21.966998	0	95.081662
2023	3	3	0	0	91.436709
2023	3	4	0	0	97.46156
2023	3	5	0	0	97.12326
2023	3	6	0	0	99.014639
2023	3	7	0	0	97.772541
2023	3	8	0	0	97.866637
2023	3	9	0	0	94.193789
2023	3	10	0	0	92.371724
2023	3	11	0	0	94.713657
2023	3	12	0	0	97.142298
2023	3	13	0	0	95.540601
2023	3	14	0	0	95.970146
2023	3	15	0	0	99.578754
2023	3	16	0	0	99.999727
2023	3	17	0	0	99.536747
2023	3	18	0	0	98.422048
2023	3	19	0	0	98.432371
2023	3	20	3.426333	0	95.714892
2023	3	21	0.087632	0	89.487376
2023	3	22	1.948647	0	96.350163
2023	3	23	0	0	95.980577
2023	3	24	0.920147	0	95.746693
2023	3	25	0.12117	0	96.724261
2023	3	26	0.604607	0	96.1163
2023	3	27	0	0	93.956313
2023	3	28	16.502467	0	92.118348
2023	3	29	21.295026	0	88.450802
2023	3	30	37.554909	0	93.449083
2023	3	31	1.698311	0	94.024715
2023	4	1	0.020086	0	95.32865
2023	4	2	0.236748	0	93.741972
2023	4	3	0	0	95.799023
2023	4	4	0	0	96.38909
2023	4	5	0	0	98.102588
2023	4	6	0	0	98.432224
2023	4	7	1.033906	0	93.230128
2023	4	8	31.170734	0	97.62449
2023	4	9	70.281775	0	99.266137
2023	4	10	53.168191	0	97.425073
2023	4	11	81.164207	0	96.248613
2023	4	12	72.923105	0	74.473056
2023	4	13	83.396138	0	84.889841
2023	4	14	77.667292	0	89.197608
2023	4	15	36.097035	0	78.812012
2023	4	16	30.195773	0	96.661115
2023	4	17	47.559971	0	69.203478
2023	4	18	71.501536	0	86.072996
2023	4	19	16.12107	0	82.656958
2023	4	20	0.104028	0	96.93718
2023	4	21	4.821222	0	89.02737
2023	4	22	28.55261	0.031	77.525032
2023	4	23	24.986073	0	81.87355
2023	4	24	5.618038	0	83.889927
2023	4	25	8.799445	0	88.430256
2023	4	26	0.057783	0	95.494481
2023	4	27	3.287112	0	89.945591
2023	4	28	24.853036	0	77.684135
2023	4	29	18.490701	0	88.248525
2023	4	30	0.211438	0	81.244612
2023	5	1	0.002668	0	87.795512
2023	5	2	0.060508	0	88.106349
2023	5	3	16.171665	0	85.864989
2023	5	4	57.787689	0	91.22555
2023	5	5	21.882897	0	80.842497
2023	5	6	4.236109	0	84.053953
2023	5	7	4.759076	0	71.417693
2023	5	8	16.56866	0	80.18377
2023	5	9	25.706453	0	85.131886
2023	5	10	50.716644	0	96.605598
2023	5	11	5.823284	0	51.541612
2023	5	12	0	0	78.092023
2023	5	13	0.38003	0	87.117933
2023	5	14	2.068584	0	72.336858
2023	5	15	0	0	72.259056
2023	5	16	0	0	76.603948
2023	5	17	0	0	81.937759
2023	5	18	0.654646	0	45.805015
2023	5	19	13.584496	0	56.183628
2023	5	20	62.135616	0	72.269017
2023	5	21	67.283575	0	82.428354
2023	5	22	12.300128	1.520397	66.277022
2023	5	23	13.668332	0	67.274906
2023	5	24	29.422255	0	76.303073
2023	5	25	35.337461	0	73.83192
2023	5	26	0	0	57.72309
2023	5	27	0	0	62.185563
2023	5	28	0	0	69.60885
2023	5	29	3.657963	0	70.333311
2023	5	30	4.236869	0	77.802339
2023	5	31	0	0	91.645876
2023	6	1	0	0	57.905002
2023	6	2	0	0	70.739439
2023	6	3	0	0	84.764625
2023	6	4	0	0	87.609374
2023	6	5	0	0	66.994082
2023	6	6	0	0	86.549106
2023	6	7	5.793453	0	95.413816
2023	6	8	36.971817	0	98.424322
2023	6	9	69.735198	0	94.874701
2023	6	10	79.304981	0	93.632082
2023	6	11	87.696556	0	99.821742
2023	6	12	66.717992	0.399638	94.608939
2023	6	13	56.608029	0	97.643349
2023	6	14	72.74134	0.156394	85.819955
2023	6	15	63.761275	0	76.272009
2023	6	16	61.422033	0	86.977757
2023	6	17	94.746834	0	99.278731
2023	6	18	82.331016	0	95.827676
2023	6	19	79.703597	0	97.660125
2023	6	20	67.02109	0.029241	74.394
2023	6	21	72.325554	0.14641	89.10071
2023	6	22	76.410663	0	97.776749
2023	6	23	46.844367	0	95.278674
2023	6	24	47.443781	0	65.566552
2023	6	25	49.642829	1.238879	19.888185
2023	6	26	57.200901	2.621848	2.499048
2023	6	27	59.226374	3.578116	1.678591
2023	6	28	46.690553	2.487218	0.679793
2023	6	29	34.600057	0	6.031031
2023	6	30	25.809537	0	8.699102
2023	7	1	32.15038	0	37.896425
2023	7	2	29.614907	0	63.461469
2023	7	3	12.296525	0	77.406522
2023	7	4	12.749126	0	60.209692
2023	7	5	16.286253	0	57.307258
2023	7	6	29.938823	0	35.412731
2023	7	7	55.985058	0	19.683639
2023	7	8	60.296063	0	9.985968
2023	7	9	24.813642	0	2.861753
2023	7	10	24.998061	0	6.496551
2023	7	11	25.676024	0	44.877995
2023	7	12	35.806919	0	43.069672
2023	7	13	8.483901	0	51.706161
2023	7	14	0	0	32.341073
2023	7	15	0.076194	0	55.780561
2023	7	16	0	0	74.160754
2023	7	17	0	0	86.14347
2023	7	18	0	0	72.534475
2023	7	19	0	0	86.234465
2023	7	20	0	0	74.924391
2023	7	21	0	0	75.255884
2023	7	22	0	0	82.229553
2023	7	23	0.00754	0	86.024544
2023	7	24	2.669886	0	71.734316
2023	7	25	20.899052	0	48.555414
2023	7	26	5.538955	0	40.50711
2023	7	27	48.047949	0	32.785622
2023	7	28	26.407525	0	34.351882
2023	7	29	6.682137	0	51.780918
2023	7	30	5.387162	0	18.067496
2023	7	31	24.035506	0	23.716726
2023	8	1	16.484722	0	2.762105
2023	8	2	33.99494	0	3.86776
2023	8	3	20.333966	0	6.257598
2023	8	4	11.18341	0	3.402361
2023	8	5	0	0	4.98711
2023	8	6	0	0	28.659803
2023	8	7	0	0	20.802534
2023	8	8	0	0	0.336598
2023	8	9	0	0	3.06318
2023	8	10	0	0	18.099957
2023	8	11	0	0	37.367351
2023	8	12	0	0	38.601893
2023	8	13	0	0	67.214402
2023	8	14	0	0	79.156068
2023	8	15	0	0	81.053014
2023	8	16	0	0	54.998529
2023	8	17	0	0	64.367409
2023	8	18	0	0	53.594937
2023	8	19	0	0	44.20598
2023	8	20	0	0	65.727029
2023	8	21	0	0	68.594412
2023	8	22	0	0	43.614987
2023	8	23	0	0	79.172543
2023	8	24	0	0	83.22102
2023	8	25	0	0	72.373698
2023	8	26	0	0	88.265787
2023	8	27	0	0	72.035835
2023	8	28	0	0	78.232274
2023	8	29	0	0	76.964043
2023	8	30	0	0	57.793668
2023	8	31	0	0	19.165993
2023	9	1	0	0	47.318939
2023	9	2	0	0	75.863751
2023	9	3	0	0	55.687955
2023	9	4	0	0	34.292036
2023	9	5	0	0	71.859565
2023	9	6	0	0	44.392719
2023	9	7	0	0	59.141162
2023	9	8	0	0	77.929942
2023	9	9	0	0	74.507269
2023	9	10	0	0	41.406626
2023	9	11	0	0	17.111399
2023	9	12	0	0	8.045222
2023	9	13	0	0	30.746642
2023	9	14	0	0	59.842106
2023	9	15	0	0	38.919299
2023	9	16	0	0	59.619819
2023	9	17	0	0	66.050781
2023	9	18	0	0	77.73547
2023	9	19	0	0	92.188426
2023	9	20	0	0	98.659427
2023	9	21	0	0	98.370263
2023	9	22	0	0	96.548545
2023	9	23	0	0	96.524375
2023	9	24	0	0	98.717877
2023	9	25	0	0	99.069308
2023	9	26	0	0	99.790574
2023	9	27	0	0	99.897697
2023	9	28	0	0	99.933108
2023	9	29	0	0	98.979993
2023	9	30	0	0	99.956652
2023	10	1	0	0	99.915333
2023	10	2	0	0	99.98547
2023	10	3	0	0	99.987899
2023	10	4	0	0	99.028467
2023	10	5	0	0	98.177703
2023	10	6	0	0	96.967697
2023	10	7	0	0	99.260744
2023	10	8	0	0	99.465543
2023	10	9	0	0	99.943656
2023	10	10	0	0	99.496389
2023	10	11	0	0	99.818049
2023	10	12	0	0	98.294863
2023	10	13	0	0	98.682815
2023	10	14	0	0	99.682777
2023	10	15	0	0	99.432432
2023	10	16	0	0	98.406195
2023	10	17	0	0	98.301263
2023	10	18	0	0	95.633691
2023	10	19	0	0	97.154608
2023	10	20	0	0	91.154135
2023	10	21	0	0	98.796205
2023	10	22	0	0	98.918245
2023	10	23	0	0	97.709552
2023	10	24	0	0	99.806287
2023	10	25	0	0	98.47835
2023	10	26	0	0	99.866107
2023	10	27	3.454257	0	99.894956
2023	10	28	4.824917	0	100
2023	10	29	0.755824	0	100
2023	10	30	2.309594	0	99.54005
2023	10	31	1.752362	0	99.8552
2023	11	1	1.426131	0	100
2023	11	2	26.327619	0	100
2023	11	3	2.794844	0	100
2023	11	4	5.944797	0	100
2023	11	5	1.472549	0	100
2023	11	6	4.70179	0	100
2023	11	7	12.829703	0	100
2023	11	8	18.526873	0	99.974298
2023	11	9	0.502967	0	99.952118
2023	11	10	1.236919	0	100
2023	11	11	0.905431	0	100
2023	11	12	0	0	100
2023	11	13	0	0	100
2023	11	14	0.054628	0	99.987228
2023	11	15	0.231643	0	99.976978
2023	11	16	0.152289	0	98.436787
2023	11	17	0	0	99.146212
2023	11	18	0.361612	0	99.746004
2023	11	19	3.164295	0	99.915798
2023	11	20	19.029775	0	99.97952
2023	11	21	22.63736	0	100
2023	11	22	0	0	99.152879
2023	11	23	0	0	91.351529
2023	11	24	0	0	98.122051
2023	11	25	0	0	99.929429
2023	11	26	0	0	99.990676
2023	11	27	0	0	99.206258
2023	11	28	0	0	99.533133
2023	11	29	0	0	99.954094
2023	11	30	0	0	99.966066
2023	12	1	0	0	99.966611
2023	12	2	0	0	100
2023	12	3	0	0	100
2023	12	4	0	0	100
2023	12	5	0	0	100
2023	12	6	0	0	99.968417
2023	12	7	0	0	100
2023	12	8	0	0	99.983598
2023	12	9	0.198717	0	99.973414
2023	12	10	1.786874	0	99.976159
2023	12	11	1.068984	0	99.993817
2023	12	12	11.169114	0	99.769582
2023	12	13	0.060196	0	98.912261
2023	12	14	14.301291	0	99.958516
2023	12	15	0.195185	0	99.575426
2023	12	16	0	0	100
2023	12	17	0	0	99.339965
2023	12	18	0	0	98.091325
2023	12	19	0	0	99.095516
2023	12	20	0	0	99.43316
2023	12	21	0	0	90.184806
2023	12	22	0	0	92.159184
2023	12	23	0	0	98.005449
2023	12	24	0.083546	0	99.266334
2023	12	25	1.040979	0	99.394714
2023	12	26	0	0	95.712738
